4	0.02	3.0715
6	0.02	2.7735
8	0.02	3.198
10	0.02	3.7535
12	0.02	4.192
14	0.02	4.68
16	0.02	4.9555
18	0.02	5.169
20	0.02	5.3715
22	0.02	5.4505
24	0.02	5.5145
26	0.02	5.5335
28	0.02	5.4815
30	0.02	5.5085
32	0.02	5.552
34	0.02	5.5945
36	0.02	5.536
38	0.02	5.4865
40	0.02	5.51
42	0.02	5.498
44	0.02	5.4985
46	0.02	5.488
48	0.02	5.4755
50	0.02	5.54
52	0.02	5.5425
54	0.02	5.5605
56	0.02	5.4235
58	0.02	5.5075
60	0.02	5.4585
62	0.02	5.4495
64	0.02	5.485
66	0.02	5.525
68	0.02	5.502
70	0.02	5.45
72	0.02	5.425
74	0.02	5.3725
76	0.02	5.416
78	0.02	5.3485
80	0.02	5.3385
82	0.02	5.344
84	0.02	5.235
86	0.02	5.058
88	0.02	4.6405
90	0.02	4.2645
92	0.02	3.725
94	0.02	3.153
96	0.02	2.7865
98	0.02	3.047
4	0.03	2.483
6	0.03	2.283
8	0.03	2.6415
10	0.03	3.197
12	0.03	3.6185
14	0.03	4.0605
16	0.03	4.3075
18	0.03	4.7105
20	0.03	4.898
22	0.03	5.1765
24	0.03	5.3205
26	0.03	5.4195
28	0.03	5.3845
30	0.03	5.4255
32	0.03	5.3895
34	0.03	5.4425
36	0.03	5.3465
38	0.03	5.432
40	0.03	5.41
42	0.03	5.4715
44	0.03	5.4675
46	0.03	5.4395
48	0.03	5.508
50	0.03	5.448
52	0.03	5.4085
54	0.03	5.487
56	0.03	5.525
58	0.03	5.482
60	0.03	5.4535
62	0.03	5.506
64	0.03	5.5535
66	0.03	5.5165
68	0.03	5.5365
70	0.03	5.405
72	0.03	5.3755
74	0.03	5.3375
76	0.03	5.102
78	0.03	5.051
80	0.03	4.9545
82	0.03	4.8785
84	0.03	4.6885
86	0.03	4.433
88	0.03	4.1135
90	0.03	3.6025
92	0.03	3.116
94	0.03	2.5555
96	0.03	2.2575
98	0.03	2.471
4	0.04	2.1485
6	0.04	1.98
8	0.04	2.269
10	0.04	2.725
12	0.04	3.3285
14	0.04	3.7055
16	0.04	3.9995
18	0.04	4.349
20	0.04	4.51
22	0.04	4.696
24	0.04	4.9785
26	0.04	5.1755
28	0.04	5.177
30	0.04	5.26
32	0.04	5.4035
34	0.04	5.4575
36	0.04	5.3605
38	0.04	5.3945
40	0.04	5.3265
42	0.04	5.368
44	0.04	5.4715
46	0.04	5.4715
48	0.04	5.472
50	0.04	5.3665
52	0.04	5.4385
54	0.04	5.3585
56	0.04	5.3435
58	0.04	5.3215
60	0.04	5.344
62	0.04	5.3485
64	0.04	5.4375
66	0.04	5.441
68	0.04	5.317
70	0.04	5.397
72	0.04	5.295
74	0.04	5.166
76	0.04	5.0855
78	0.04	4.861
80	0.04	4.6655
82	0.04	4.5395
84	0.04	4.265
86	0.04	3.96
88	0.04	3.54
90	0.04	3.199
92	0.04	2.6305
94	0.04	2.2205
96	0.04	1.925
98	0.04	2.1195
4	0.05	1.8245
6	0.05	1.708
8	0.05	2.0295
10	0.05	2.4335
12	0.05	2.8905
14	0.05	3.338
16	0.05	3.7095
18	0.05	4.0095
20	0.05	4.195
22	0.05	4.4705
24	0.05	4.632
26	0.05	4.827
28	0.05	5.016
30	0.05	5.074
32	0.05	5.2565
34	0.05	5.247
36	0.05	5.3295
38	0.05	5.364
40	0.05	5.361
42	0.05	5.386
44	0.05	5.3945
46	0.05	5.389
48	0.05	5.3805
50	0.05	5.253
52	0.05	5.317
54	0.05	5.363
56	0.05	5.319
58	0.05	5.322
60	0.05	5.2775
62	0.05	5.2725
64	0.05	5.3605
66	0.05	5.33
68	0.05	5.284
70	0.05	5.2175
72	0.05	5.0375
74	0.05	5.052
76	0.05	4.8905
78	0.05	4.709
80	0.05	4.44
82	0.05	4.2495
84	0.05	3.884
86	0.05	3.5925
88	0.05	3.2635
90	0.05	2.856
92	0.05	2.3835
94	0.05	1.986
96	0.05	1.6775
98	0.05	1.8115
4	0.06	1.6825
6	0.06	1.4995
8	0.06	1.795
10	0.06	2.201
12	0.06	2.6745
14	0.06	3.114
16	0.06	3.4435
18	0.06	3.7445
20	0.06	3.949
22	0.06	4.174
24	0.06	4.401
26	0.06	4.634
28	0.06	4.7495
30	0.06	4.9525
32	0.06	5.001
34	0.06	5.1825
36	0.06	5.1375
38	0.06	5.1755
40	0.06	5.3305
42	0.06	5.323
44	0.06	5.2475
46	0.06	5.3505
48	0.06	5.292
50	0.06	5.3155
52	0.06	5.294
54	0.06	5.3325
56	0.06	5.315
58	0.06	5.3085
60	0.06	5.21
62	0.06	5.1855
64	0.06	5.188
66	0.06	5.096
68	0.06	5.126
70	0.06	5.074
72	0.06	4.945
74	0.06	4.838
76	0.06	4.598
78	0.06	4.456
80	0.06	4.2775
82	0.06	3.9995
84	0.06	3.6785
86	0.06	3.3555
88	0.06	2.9465
90	0.06	2.578
92	0.06	2.149
94	0.06	1.7765
96	0.06	1.509
98	0.06	1.578
4	0.07	1.5825
6	0.07	1.431
8	0.07	1.635
10	0.07	2.049
12	0.07	2.4915
14	0.07	2.829
16	0.07	3.1685
18	0.07	3.5505
20	0.07	3.7705
22	0.07	4.016
24	0.07	4.204
26	0.07	4.412
28	0.07	4.523
30	0.07	4.6885
32	0.07	4.8465
34	0.07	4.8675
36	0.07	4.986
38	0.07	5.057
40	0.07	5.152
42	0.07	5.1665
44	0.07	5.24
46	0.07	5.351
48	0.07	5.3085
50	0.07	5.27
52	0.07	5.2375
54	0.07	5.198
56	0.07	5.209
58	0.07	5.147
60	0.07	5.165
62	0.07	5.036
64	0.07	5.189
66	0.07	5.001
68	0.07	4.945
70	0.07	4.8255
72	0.07	4.793
74	0.07	4.68
76	0.07	4.453
78	0.07	4.2385
80	0.07	4.116
82	0.07	3.729
84	0.07	3.479
86	0.07	3.0965
88	0.07	2.739
90	0.07	2.4555
92	0.07	1.9885
94	0.07	1.6855
96	0.07	1.372
98	0.07	1.4675
4	0.08	1.447
6	0.08	1.2955
8	0.08	1.569
10	0.08	1.881
12	0.08	2.2775
14	0.08	2.638
16	0.08	3.0225
18	0.08	3.2805
20	0.08	3.6145
22	0.08	3.773
24	0.08	4.0165
26	0.08	4.2945
28	0.08	4.423
30	0.08	4.587
32	0.08	4.6735
34	0.08	4.7725
36	0.08	4.828
38	0.08	4.8285
40	0.08	4.98
42	0.08	4.9595
44	0.08	5.1115
46	0.08	5.1075
48	0.08	5.187
50	0.08	5.154
52	0.08	5.1975
54	0.08	5.195
56	0.08	5.112
58	0.08	5.0765
60	0.08	5.1495
62	0.08	4.971
64	0.08	4.9915
66	0.08	4.955
68	0.08	4.7695
70	0.08	4.8065
72	0.08	4.618
74	0.08	4.392
76	0.08	4.264
78	0.08	3.972
80	0.08	3.811
82	0.08	3.515
84	0.08	3.2525
86	0.08	2.993
88	0.08	2.617
90	0.08	2.281
92	0.08	1.85
94	0.08	1.508
96	0.08	1.246
98	0.08	1.356
4	0.09	1.2945
6	0.09	1.228
8	0.09	1.422
10	0.09	1.733
12	0.09	2.168
14	0.09	2.452
16	0.09	2.812
18	0.09	3.1375
20	0.09	3.4945
22	0.09	3.6705
24	0.09	3.7795
26	0.09	3.97
28	0.09	4.131
30	0.09	4.4445
32	0.09	4.4385
34	0.09	4.622
36	0.09	4.748
38	0.09	4.8385
40	0.09	4.82
42	0.09	4.901
44	0.09	4.9625
46	0.09	5.0735
48	0.09	5.0635
50	0.09	5.1545
52	0.09	5.116
54	0.09	5.024
56	0.09	5.1535
58	0.09	5.052
60	0.09	5.036
62	0.09	4.925
64	0.09	4.881
66	0.09	4.771
68	0.09	4.715
70	0.09	4.52
72	0.09	4.358
74	0.09	4.251
76	0.09	3.94
78	0.09	3.878
80	0.09	3.612
82	0.09	3.3655
84	0.09	3.069
86	0.09	2.8255
88	0.09	2.5275
90	0.09	2.1885
92	0.09	1.769
94	0.09	1.411
96	0.09	1.1415
98	0.09	1.214
4	0.1	1.262
6	0.1	1.1725
8	0.1	1.3455
10	0.1	1.6815
12	0.1	2.0505
14	0.1	2.379
16	0.1	2.7025
18	0.1	2.966
20	0.1	3.183
22	0.1	3.3885
24	0.1	3.7565
26	0.1	3.8505
28	0.1	4.1445
30	0.1	4.1155
32	0.1	4.352
34	0.1	4.5575
36	0.1	4.7505
38	0.1	4.729
40	0.1	4.8135
42	0.1	4.9105
44	0.1	4.908
46	0.1	4.8935
48	0.1	4.9885
50	0.1	4.9755
52	0.1	4.927
54	0.1	5.024
56	0.1	4.933
58	0.1	4.99
60	0.1	4.8465
62	0.1	4.748
64	0.1	4.754
66	0.1	4.691
68	0.1	4.576
70	0.1	4.3985
72	0.1	4.253
74	0.1	4.064
76	0.1	3.784
78	0.1	3.678
80	0.1	3.5205
82	0.1	3.2835
84	0.1	2.9855
86	0.1	2.64
88	0.1	2.2815
90	0.1	1.9395
92	0.1	1.634
94	0.1	1.2835
96	0.1	1.104
98	0.1	1.1905
4	0.11	1.146
6	0.11	1.035
8	0.11	1.1895
10	0.11	1.5595
12	0.11	1.9355
14	0.11	2.288
16	0.11	2.5725
18	0.11	2.862
20	0.11	3.022
22	0.11	3.3
24	0.11	3.5305
26	0.11	3.7185
28	0.11	3.8565
30	0.11	4.1125
32	0.11	4.251
34	0.11	4.379
36	0.11	4.5
38	0.11	4.667
40	0.11	4.7185
42	0.11	4.8175
44	0.11	4.8185
46	0.11	4.868
48	0.11	4.91
50	0.11	4.8075
52	0.11	4.8445
54	0.11	4.8925
56	0.11	4.858
58	0.11	4.8155
60	0.11	4.718
62	0.11	4.5925
64	0.11	4.6185
66	0.11	4.4715
68	0.11	4.358
70	0.11	4.3865
72	0.11	4.1285
74	0.11	3.9725
76	0.11	3.6905
78	0.11	3.6215
80	0.11	3.276
82	0.11	3.026
84	0.11	2.782
86	0.11	2.447
88	0.11	2.2285
90	0.11	1.862
92	0.11	1.526
94	0.11	1.2345
96	0.11	1.0335
98	0.11	1.1505
4	0.12	1.0745
6	0.12	1.004
8	0.12	1.2145
10	0.12	1.5065
12	0.12	1.8315
14	0.12	2.1925
16	0.12	2.445
18	0.12	2.7335
20	0.12	2.922
22	0.12	3.2105
24	0.12	3.417
26	0.12	3.6065
28	0.12	3.842
30	0.12	3.94
32	0.12	4.166
34	0.12	4.292
36	0.12	4.275
38	0.12	4.414
40	0.12	4.537
42	0.12	4.6095
44	0.12	4.7805
46	0.12	4.7465
48	0.12	4.666
50	0.12	4.686
52	0.12	4.7215
54	0.12	4.732
56	0.12	4.754
58	0.12	4.643
60	0.12	4.617
62	0.12	4.555
64	0.12	4.5025
66	0.12	4.3445
68	0.12	4.3355
70	0.12	4.1855
72	0.12	4.0085
74	0.12	4.006
76	0.12	3.72
78	0.12	3.468
80	0.12	3.1785
82	0.12	2.8845
84	0.12	2.6665
86	0.12	2.363
88	0.12	2.121
90	0.12	1.7505
92	0.12	1.4825
94	0.12	1.2105
96	0.12	1.0395
98	0.12	1.121
4	0.13	1.056
6	0.13	0.9855
8	0.13	1.1585
10	0.13	1.454
12	0.13	1.736
14	0.13	2.0815
16	0.13	2.361
18	0.13	2.6195
20	0.13	2.869
22	0.13	3.0855
24	0.13	3.2945
26	0.13	3.4415
28	0.13	3.6955
30	0.13	3.8595
32	0.13	3.987
34	0.13	4.164
36	0.13	4.19
38	0.13	4.269
40	0.13	4.326
42	0.13	4.5185
44	0.13	4.515
46	0.13	4.563
48	0.13	4.599
50	0.13	4.594
52	0.13	4.6105
54	0.13	4.636
56	0.13	4.65
58	0.13	4.6
60	0.13	4.4445
62	0.13	4.4215
64	0.13	4.3615
66	0.13	4.284
68	0.13	4.1845
70	0.13	4.0465
72	0.13	3.94
74	0.13	3.734
76	0.13	3.584
78	0.13	3.314
80	0.13	3.16
82	0.13	2.8645
84	0.13	2.5495
86	0.13	2.2655
88	0.13	2.015
90	0.13	1.7215
92	0.13	1.4235
94	0.13	1.117
96	0.13	0.964
98	0.13	0.962
4	0.14	1.023
6	0.14	0.92
8	0.14	1.144
10	0.14	1.358
12	0.14	1.684
14	0.14	1.9325
16	0.14	2.272
18	0.14	2.537
20	0.14	2.768
22	0.14	2.88
24	0.14	3.136
26	0.14	3.381
28	0.14	3.61
30	0.14	3.764
32	0.14	3.926
34	0.14	4.043
36	0.14	4.0645
38	0.14	4.1565
40	0.14	4.245
42	0.14	4.391
44	0.14	4.401
46	0.14	4.4535
48	0.14	4.4855
50	0.14	4.4965
52	0.14	4.4635
54	0.14	4.461
56	0.14	4.5815
58	0.14	4.5
60	0.14	4.431
62	0.14	4.437
64	0.14	4.2545
66	0.14	4.191
68	0.14	4.001
70	0.14	3.849
72	0.14	3.708
74	0.14	3.5265
76	0.14	3.353
78	0.14	3.152
80	0.14	2.9285
82	0.14	2.761
84	0.14	2.497
86	0.14	2.244
88	0.14	2.008
90	0.14	1.7205
92	0.14	1.4065
94	0.14	1.119
96	0.14	0.898
98	0.14	0.969
4	0.15	1.0185
6	0.15	0.885
8	0.15	1.049
10	0.15	1.3315
12	0.15	1.557
14	0.15	1.9315
16	0.15	2.1475
18	0.15	2.3855
20	0.15	2.6445
22	0.15	2.82
24	0.15	3.0675
26	0.15	3.152
28	0.15	3.3665
30	0.15	3.611
32	0.15	3.8555
34	0.15	3.878
36	0.15	4.0185
38	0.15	4.0975
40	0.15	4.1915
42	0.15	4.3025
44	0.15	4.3965
46	0.15	4.307
48	0.15	4.3385
50	0.15	4.3995
52	0.15	4.346
54	0.15	4.336
56	0.15	4.37
58	0.15	4.3605
60	0.15	4.3015
62	0.15	4.2585
64	0.15	4.1795
66	0.15	3.99
68	0.15	3.825
70	0.15	3.699
72	0.15	3.631
74	0.15	3.4105
76	0.15	3.199
78	0.15	3.033
80	0.15	2.87
82	0.15	2.611
84	0.15	2.4185
86	0.15	2.156
88	0.15	1.8765
90	0.15	1.5435
92	0.15	1.326
94	0.15	1.051
96	0.15	0.9145
98	0.15	1.0195
4	0.16	0.9125
6	0.16	0.845
8	0.16	1.0085
10	0.16	1.2745
12	0.16	1.539
14	0.16	1.7975
16	0.16	2.0535
18	0.16	2.305
20	0.16	2.47
22	0.16	2.6165
24	0.16	2.857
26	0.16	3.0935
28	0.16	3.326
30	0.16	3.5085
32	0.16	3.731
34	0.16	3.778
36	0.16	3.9205
38	0.16	4.066
40	0.16	4.051
42	0.16	4.247
44	0.16	4.2145
46	0.16	4.3105
48	0.16	4.25
50	0.16	4.2395
52	0.16	4.2485
54	0.16	4.3705
56	0.16	4.2855
58	0.16	4.245
60	0.16	4.2045
62	0.16	4.0655
64	0.16	3.978
66	0.16	3.782
68	0.16	3.7065
70	0.16	3.5945
72	0.16	3.4685
74	0.16	3.329
76	0.16	3.1635
78	0.16	2.9615
80	0.16	2.7945
82	0.16	2.528
84	0.16	2.2945
86	0.16	2.077
88	0.16	1.7765
90	0.16	1.5135
92	0.16	1.247
94	0.16	1.001
96	0.16	0.824
98	0.16	0.9385
4	0.17	0.9805
6	0.17	0.827
8	0.17	0.9815
10	0.17	1.2275
12	0.17	1.431
14	0.17	1.65
16	0.17	1.905
18	0.17	2.188
20	0.17	2.4165
22	0.17	2.542
24	0.17	2.802
26	0.17	2.988
28	0.17	3.258
30	0.17	3.5115
32	0.17	3.599
34	0.17	3.7775
36	0.17	3.81
38	0.17	3.947
40	0.17	3.932
42	0.17	4.08
44	0.17	4.0615
46	0.17	4.103
48	0.17	4.169
50	0.17	4.1335
52	0.17	4.1715
54	0.17	4.137
56	0.17	4.201
58	0.17	4.195
60	0.17	4.1215
62	0.17	3.9585
64	0.17	3.8005
66	0.17	3.7145
68	0.17	3.607
70	0.17	3.488
72	0.17	3.303
74	0.17	3.2165
76	0.17	3.0015
78	0.17	2.8755
80	0.17	2.6735
82	0.17	2.464
84	0.17	2.265
86	0.17	1.9815
88	0.17	1.757
90	0.17	1.4705
92	0.17	1.1955
94	0.17	0.9825
96	0.17	0.853
98	0.17	0.9625
4	0.18	0.865
6	0.18	0.804
8	0.18	0.941
10	0.18	1.1375
12	0.18	1.379
14	0.18	1.603
16	0.18	1.838
18	0.18	2.054
20	0.18	2.253
22	0.18	2.507
24	0.18	2.828
26	0.18	2.961
28	0.18	3.127
30	0.18	3.3695
32	0.18	3.4585
34	0.18	3.5945
36	0.18	3.7315
38	0.18	3.721
40	0.18	3.85
42	0.18	3.9095
44	0.18	4.028
46	0.18	3.9515
48	0.18	3.955
50	0.18	4.018
52	0.18	4.037
54	0.18	4.036
56	0.18	4.0945
58	0.18	3.944
60	0.18	3.9985
62	0.18	3.83
64	0.18	3.83
66	0.18	3.747
68	0.18	3.524
70	0.18	3.348
72	0.18	3.194
74	0.18	3.02
76	0.18	2.935
78	0.18	2.7985
80	0.18	2.5445
82	0.18	2.419
84	0.18	2.151
86	0.18	1.982
88	0.18	1.733
90	0.18	1.4825
92	0.18	1.2
94	0.18	0.972
96	0.18	0.74
98	0.18	0.8185
4	0.19	0.8485
6	0.19	0.7565
8	0.19	0.899
10	0.19	1.1085
12	0.19	1.3215
14	0.19	1.5695
16	0.19	1.8095
18	0.19	2.0405
20	0.19	2.2655
22	0.19	2.4565
24	0.19	2.7025
26	0.19	2.904
28	0.19	3.0525
30	0.19	3.2385
32	0.19	3.291
34	0.19	3.4425
36	0.19	3.4795
38	0.19	3.613
40	0.19	3.6605
42	0.19	3.731
44	0.19	3.7875
46	0.19	3.875
48	0.19	3.919
50	0.19	3.9145
52	0.19	3.858
54	0.19	3.954
56	0.19	3.9325
58	0.19	3.894
60	0.19	3.8745
62	0.19	3.7615
64	0.19	3.67
66	0.19	3.5345
68	0.19	3.2955
70	0.19	3.2695
72	0.19	3.1795
74	0.19	2.9475
76	0.19	2.763
78	0.19	2.6295
80	0.19	2.4165
82	0.19	2.3045
84	0.19	2.0835
86	0.19	1.8855
88	0.19	1.678
90	0.19	1.435
92	0.19	1.208
94	0.19	0.95
96	0.19	0.7955
98	0.19	0.8345
4	0.2	0.7945
6	0.2	0.7065
8	0.2	0.8435
10	0.2	1.0715
12	0.2	1.2955
14	0.2	1.5495
16	0.2	1.7395
18	0.2	1.9795
20	0.2	2.192
22	0.2	2.3545
24	0.2	2.5555
26	0.2	2.783
28	0.2	2.9595
30	0.2	3.1695
32	0.2	3.231
34	0.2	3.2845
36	0.2	3.422
38	0.2	3.4355
40	0.2	3.5615
42	0.2	3.619
44	0.2	3.7565
46	0.2	3.727
48	0.2	3.797
50	0.2	3.784
52	0.2	3.9165
54	0.2	3.8725
56	0.2	3.9335
58	0.2	3.793
60	0.2	3.727
62	0.2	3.568
64	0.2	3.551
66	0.2	3.451
68	0.2	3.236
70	0.2	3.1775
72	0.2	2.96
74	0.2	2.8765
76	0.2	2.6755
78	0.2	2.623
80	0.2	2.4315
82	0.2	2.18
84	0.2	2.057
86	0.2	1.8015
88	0.2	1.611
90	0.2	1.402
92	0.2	1.1075
94	0.2	0.9455
96	0.2	0.7945
98	0.2	0.8585
4	0.21	0.784
6	0.21	0.7095
8	0.21	0.8215
10	0.21	1.057
12	0.21	1.311
14	0.21	1.4955
16	0.21	1.7065
18	0.21	1.9135
20	0.21	2.1205
22	0.21	2.2755
24	0.21	2.587
26	0.21	2.7075
28	0.21	2.8195
30	0.21	2.9475
32	0.21	3.099
34	0.21	3.206
36	0.21	3.3275
38	0.21	3.4205
40	0.21	3.509
42	0.21	3.566
44	0.21	3.5785
46	0.21	3.6785
48	0.21	3.7445
50	0.21	3.771
52	0.21	3.7245
54	0.21	3.6455
56	0.21	3.7065
58	0.21	3.705
60	0.21	3.6555
62	0.21	3.541
64	0.21	3.4565
66	0.21	3.3305
68	0.21	3.188
70	0.21	3.0555
72	0.21	2.881
74	0.21	2.735
76	0.21	2.6245
78	0.21	2.47
80	0.21	2.342
82	0.21	2.1615
84	0.21	1.974
86	0.21	1.798
88	0.21	1.529
90	0.21	1.392
92	0.21	1.09
94	0.21	0.875
96	0.21	0.7315
98	0.21	0.751
4	0.22	0.761
6	0.22	0.6675
8	0.22	0.833
10	0.22	1.0325
12	0.22	1.296
14	0.22	1.5085
16	0.22	1.7535
18	0.22	1.9165
20	0.22	2.146
22	0.22	2.2555
24	0.22	2.401
26	0.22	2.541
28	0.22	2.6905
30	0.22	2.8645
32	0.22	2.954
34	0.22	3.077
36	0.22	3.193
38	0.22	3.2955
40	0.22	3.444
42	0.22	3.4815
44	0.22	3.489
46	0.22	3.5855
48	0.22	3.557
50	0.22	3.6785
52	0.22	3.6035
54	0.22	3.7345
56	0.22	3.5745
58	0.22	3.529
60	0.22	3.469
62	0.22	3.4225
64	0.22	3.281
66	0.22	3.181
68	0.22	3.034
70	0.22	2.9395
72	0.22	2.8545
74	0.22	2.7045
76	0.22	2.5975
78	0.22	2.3845
80	0.22	2.2395
82	0.22	2.053
84	0.22	1.8595
86	0.22	1.7615
88	0.22	1.4795
90	0.22	1.27
92	0.22	1.0435
94	0.22	0.8795
96	0.22	0.7575
98	0.22	0.7755
4	0.23	0.7215
6	0.23	0.6475
8	0.23	0.8085
10	0.23	1.008
12	0.23	1.2675
14	0.23	1.5215
16	0.23	1.694
18	0.23	1.8855
20	0.23	2.0245
22	0.23	2.209
24	0.23	2.303
26	0.23	2.4005
28	0.23	2.6775
30	0.23	2.7305
32	0.23	2.86
34	0.23	2.9145
36	0.23	3.1395
38	0.23	3.238
40	0.23	3.345
42	0.23	3.219
44	0.23	3.4285
46	0.23	3.438
48	0.23	3.463
50	0.23	3.456
52	0.23	3.503
54	0.23	3.4675
56	0.23	3.4715
58	0.23	3.433
60	0.23	3.402
62	0.23	3.3445
64	0.23	3.1735
66	0.23	3.0805
68	0.23	2.927
70	0.23	2.9505
72	0.23	2.7925
74	0.23	2.674
76	0.23	2.5775
78	0.23	2.388
80	0.23	2.1745
82	0.23	2.028
84	0.23	1.8135
86	0.23	1.628
88	0.23	1.402
90	0.23	1.1965
92	0.23	1.0245
94	0.23	0.793
96	0.23	0.678
98	0.23	0.7885
4	0.24	0.709
6	0.24	0.627
8	0.24	0.769
10	0.24	0.916
12	0.24	1.172
14	0.24	1.3765
16	0.24	1.5785
18	0.24	1.772
20	0.24	1.9715
22	0.24	2.1635
24	0.24	2.3115
26	0.24	2.401
28	0.24	2.5775
30	0.24	2.6875
32	0.24	2.8125
34	0.24	2.8725
36	0.24	3.0755
38	0.24	3.0905
40	0.24	3.14
42	0.24	3.2065
44	0.24	3.2715
46	0.24	3.393
48	0.24	3.413
50	0.24	3.375
52	0.24	3.4525
54	0.24	3.341
56	0.24	3.359
58	0.24	3.273
60	0.24	3.3055
62	0.24	3.1845
64	0.24	3.1235
66	0.24	3.07
68	0.24	2.931
70	0.24	2.864
72	0.24	2.7235
74	0.24	2.5225
76	0.24	2.3855
78	0.24	2.236
80	0.24	2.1575
82	0.24	1.9615
84	0.24	1.76
86	0.24	1.58
88	0.24	1.3565
90	0.24	1.214
92	0.24	0.9125
94	0.24	0.7685
96	0.24	0.6285
98	0.24	0.7045
4	0.25	0.6045
6	0.25	0.5945
8	0.25	0.6885
10	0.25	0.889
12	0.25	1.143
14	0.25	1.3275
16	0.25	1.5
18	0.25	1.7345
20	0.25	1.8765
22	0.25	2.054
24	0.25	2.189
26	0.25	2.3815
28	0.25	2.4925
30	0.25	2.628
32	0.25	2.731
34	0.25	2.835
36	0.25	2.785
38	0.25	3.022
40	0.25	3.1335
42	0.25	3.2005
44	0.25	3.2375
46	0.25	3.2535
48	0.25	3.337
50	0.25	3.336
52	0.25	3.321
54	0.25	3.2775
56	0.25	3.279
58	0.25	3.219
60	0.25	3.1275
62	0.25	3.0225
64	0.25	2.992
66	0.25	2.898
68	0.25	2.8085
70	0.25	2.7485
72	0.25	2.604
74	0.25	2.47
76	0.25	2.2605
78	0.25	2.1545
80	0.25	2.045
82	0.25	1.9
84	0.25	1.7595
86	0.25	1.605
88	0.25	1.3415
90	0.25	1.152
92	0.25	0.9185
94	0.25	0.706
96	0.25	0.646
98	0.25	0.7055
4	0.26	0.5665
6	0.26	0.577
8	0.26	0.7065
10	0.26	0.8815
12	0.26	1.092
14	0.26	1.2975
16	0.26	1.4575
18	0.26	1.6905
20	0.26	1.845
22	0.26	1.994
24	0.26	2.146
26	0.26	2.3275
28	0.26	2.367
30	0.26	2.5105
32	0.26	2.624
34	0.26	2.6995
36	0.26	2.842
38	0.26	2.9335
40	0.26	3.0425
42	0.26	3.0735
44	0.26	3.0725
46	0.26	3.2145
48	0.26	3.1045
50	0.26	3.1605
52	0.26	3.1725
54	0.26	3.135
56	0.26	3.153
58	0.26	3.0715
60	0.26	3.091
62	0.26	3.116
64	0.26	2.973
66	0.26	2.842
68	0.26	2.734
70	0.26	2.609
72	0.26	2.5015
74	0.26	2.3705
76	0.26	2.2745
78	0.26	2.1075
80	0.26	2.018
82	0.26	1.839
84	0.26	1.652
86	0.26	1.476
88	0.26	1.297
90	0.26	1.144
92	0.26	0.8805
94	0.26	0.708
96	0.26	0.599
98	0.26	0.616
4	0.27	0.634
6	0.27	0.5825
8	0.27	0.673
10	0.27	0.903
12	0.27	1.043
14	0.27	1.187
16	0.27	1.4325
18	0.27	1.6345
20	0.27	1.778
22	0.27	1.8965
24	0.27	2.066
26	0.27	2.2165
28	0.27	2.2805
30	0.27	2.511
32	0.27	2.564
34	0.27	2.7585
36	0.27	2.7255
38	0.27	2.8465
40	0.27	2.9095
42	0.27	2.9135
44	0.27	2.972
46	0.27	3.015
48	0.27	3.1445
50	0.27	3.133
52	0.27	3.146
54	0.27	3.1395
56	0.27	3.055
58	0.27	3.044
60	0.27	2.9955
62	0.27	2.935
64	0.27	2.7635
66	0.27	2.7195
68	0.27	2.625
70	0.27	2.4875
72	0.27	2.4615
74	0.27	2.3275
76	0.27	2.204
78	0.27	2.0695
80	0.27	1.871
82	0.27	1.8015
84	0.27	1.6085
86	0.27	1.4365
88	0.27	1.235
90	0.27	1.064
92	0.27	0.87
94	0.27	0.698
96	0.27	0.599
98	0.27	0.7075
4	0.28	0.601
6	0.28	0.556
8	0.28	0.646
10	0.28	0.822
12	0.28	1.004
14	0.28	1.2045
16	0.28	1.4285
18	0.28	1.5795
20	0.28	1.759
22	0.28	1.8205
24	0.28	1.9905
26	0.28	2.158
28	0.28	2.1555
30	0.28	2.344
32	0.28	2.468
34	0.28	2.5325
36	0.28	2.7005
38	0.28	2.7855
40	0.28	2.8405
42	0.28	2.9415
44	0.28	2.99
46	0.28	2.9745
48	0.28	2.99
50	0.28	2.9775
52	0.28	2.966
54	0.28	3.048
56	0.28	3.023
58	0.28	2.9235
60	0.28	2.96
62	0.28	2.7845
64	0.28	2.758
66	0.28	2.691
68	0.28	2.574
70	0.28	2.458
72	0.28	2.366
74	0.28	2.2865
76	0.28	2.0795
78	0.28	1.918
80	0.28	1.8235
82	0.28	1.661
84	0.28	1.5465
86	0.28	1.373
88	0.28	1.171
90	0.28	1.0595
92	0.28	0.8215
94	0.28	0.662
96	0.28	0.59
98	0.28	0.638
4	0.29	0.5705
6	0.29	0.588
8	0.29	0.655
10	0.29	0.8115
12	0.29	0.992
14	0.29	1.197
16	0.29	1.32
18	0.29	1.516
20	0.29	1.645
22	0.29	1.784
24	0.29	1.91
26	0.29	2.0705
28	0.29	2.2045
30	0.29	2.261
32	0.29	2.4055
34	0.29	2.4435
36	0.29	2.61
38	0.29	2.7225
40	0.29	2.7685
42	0.29	2.8335
44	0.29	2.8185
46	0.29	2.872
48	0.29	2.883
50	0.29	2.847
52	0.29	2.828
54	0.29	2.851
56	0.29	2.936
58	0.29	2.8905
60	0.29	2.8295
62	0.29	2.752
64	0.29	2.7335
66	0.29	2.583
68	0.29	2.5055
70	0.29	2.4275
72	0.29	2.247
74	0.29	2.1465
76	0.29	2.127
78	0.29	1.9265
80	0.29	1.8055
82	0.29	1.623
84	0.29	1.485
86	0.29	1.355
88	0.29	1.1525
90	0.29	0.9925
92	0.29	0.793
94	0.29	0.6465
96	0.29	0.5725
98	0.29	0.6175
4	0.3	0.555
6	0.3	0.562
8	0.3	0.649
10	0.3	0.829
12	0.3	0.994
14	0.3	1.1545
16	0.3	1.3175
18	0.3	1.515
20	0.3	1.636
22	0.3	1.7025
24	0.3	1.89
26	0.3	2.003
28	0.3	2.079
30	0.3	2.204
32	0.3	2.3115
34	0.3	2.4105
36	0.3	2.486
38	0.3	2.636
40	0.3	2.7
42	0.3	2.7325
44	0.3	2.816
46	0.3	2.851
48	0.3	2.842
50	0.3	2.866
52	0.3	2.791
54	0.3	2.7875
56	0.3	2.8055
58	0.3	2.6715
60	0.3	2.7555
62	0.3	2.6145
64	0.3	2.619
66	0.3	2.455
68	0.3	2.405
70	0.3	2.3525
72	0.3	2.263
74	0.3	2.102
76	0.3	1.9915
78	0.3	1.8905
80	0.3	1.7655
82	0.3	1.588
84	0.3	1.435
86	0.3	1.294
88	0.3	1.095
90	0.3	0.9365
92	0.3	0.805
94	0.3	0.6395
96	0.3	0.562
98	0.3	0.612
4	0.31	0.557
6	0.31	0.5315
8	0.31	0.621
10	0.31	0.7805
12	0.31	0.961
14	0.31	1.1095
16	0.31	1.282
18	0.31	1.414
20	0.31	1.549
22	0.31	1.658
24	0.31	1.7655
26	0.31	1.9105
28	0.31	2.024
30	0.31	2.1315
32	0.31	2.2705
34	0.31	2.422
36	0.31	2.581
38	0.31	2.65
40	0.31	2.6695
42	0.31	2.715
44	0.31	2.7595
46	0.31	2.67
48	0.31	2.654
50	0.31	2.793
52	0.31	2.69
54	0.31	2.7245
56	0.31	2.73
58	0.31	2.6935
60	0.31	2.6405
62	0.31	2.595
64	0.31	2.461
66	0.31	2.4085
68	0.31	2.325
70	0.31	2.2525
72	0.31	2.155
74	0.31	2.024
76	0.31	1.8935
78	0.31	1.8265
80	0.31	1.6915
82	0.31	1.5345
84	0.31	1.4395
86	0.31	1.235
88	0.31	1.1185
90	0.31	0.8915
92	0.31	0.749
94	0.31	0.58
96	0.31	0.561
98	0.31	0.587
4	0.32	0.592
6	0.32	0.5125
8	0.32	0.6055
10	0.32	0.759
12	0.32	0.913
14	0.32	1.056
16	0.32	1.2495
18	0.32	1.383
20	0.32	1.492
22	0.32	1.6245
24	0.32	1.756
26	0.32	1.8465
28	0.32	1.924
30	0.32	2.1045
32	0.32	2.303
34	0.32	2.3655
36	0.32	2.3925
38	0.32	2.4325
40	0.32	2.563
42	0.32	2.6305
44	0.32	2.6375
46	0.32	2.615
48	0.32	2.6485
50	0.32	2.617
52	0.32	2.6695
54	0.32	2.693
56	0.32	2.661
58	0.32	2.6175
60	0.32	2.5115
62	0.32	2.5445
64	0.32	2.3625
66	0.32	2.368
68	0.32	2.2315
70	0.32	2.1625
72	0.32	2.0905
74	0.32	1.9685
76	0.32	1.8685
78	0.32	1.734
80	0.32	1.622
82	0.32	1.469
84	0.32	1.3555
86	0.32	1.2025
88	0.32	1.0755
90	0.32	0.885
92	0.32	0.712
94	0.32	0.5775
96	0.32	0.471
98	0.32	0.5555
4	0.33	0.4855
6	0.33	0.4855
8	0.33	0.564
10	0.33	0.721
12	0.33	0.9065
14	0.33	1.001
16	0.33	1.1835
18	0.33	1.301
20	0.33	1.474
22	0.33	1.563
24	0.33	1.7085
26	0.33	1.853
28	0.33	1.94
30	0.33	2.0295
32	0.33	2.1475
34	0.33	2.2695
36	0.33	2.348
38	0.33	2.43
40	0.33	2.4325
42	0.33	2.518
44	0.33	2.4455
46	0.33	2.605
48	0.33	2.558
50	0.33	2.564
52	0.33	2.622
54	0.33	2.5355
56	0.33	2.546
58	0.33	2.5385
60	0.33	2.4635
62	0.33	2.354
64	0.33	2.326
66	0.33	2.2795
68	0.33	2.2955
70	0.33	2.15
72	0.33	2.047
74	0.33	1.91
76	0.33	1.749
78	0.33	1.689
80	0.33	1.513
82	0.33	1.4125
84	0.33	1.3005
86	0.33	1.169
88	0.33	1.0165
90	0.33	0.8535
92	0.33	0.7235
94	0.33	0.5875
96	0.33	0.4755
98	0.33	0.53
4	0.34	0.5325
6	0.34	0.451
8	0.34	0.559
10	0.34	0.6515
12	0.34	0.895
14	0.34	0.9655
16	0.34	1.1185
18	0.34	1.287
20	0.34	1.3935
22	0.34	1.567
24	0.34	1.628
26	0.34	1.7865
28	0.34	1.9105
30	0.34	1.9885
32	0.34	2.0355
34	0.34	2.1865
36	0.34	2.303
38	0.34	2.391
40	0.34	2.336
42	0.34	2.4355
44	0.34	2.494
46	0.34	2.424
48	0.34	2.498
50	0.34	2.489
52	0.34	2.5005
54	0.34	2.514
56	0.34	2.492
58	0.34	2.3985
60	0.34	2.3125
62	0.34	2.2975
64	0.34	2.3385
66	0.34	2.203
68	0.34	2.1425
70	0.34	2.1065
72	0.34	1.981
74	0.34	1.875
76	0.34	1.693
78	0.34	1.6085
80	0.34	1.5375
82	0.34	1.377
84	0.34	1.257
86	0.34	1.182
88	0.34	0.9925
90	0.34	0.853
92	0.34	0.6825
94	0.34	0.5525
96	0.34	0.476
98	0.34	0.515
4	0.35	0.507
6	0.35	0.471
8	0.35	0.5295
10	0.35	0.6745
12	0.35	0.8295
14	0.35	0.9705
16	0.35	1.1225
18	0.35	1.3015
20	0.35	1.353
22	0.35	1.4925
24	0.35	1.6245
26	0.35	1.6725
28	0.35	1.8045
30	0.35	1.883
32	0.35	2.04
34	0.35	2.0595
36	0.35	2.1345
38	0.35	2.2645
40	0.35	2.3355
42	0.35	2.407
44	0.35	2.357
46	0.35	2.4005
48	0.35	2.415
50	0.35	2.445
52	0.35	2.384
54	0.35	2.4205
56	0.35	2.3265
58	0.35	2.294
60	0.35	2.3375
62	0.35	2.2415
64	0.35	2.243
66	0.35	2.1045
68	0.35	2.054
70	0.35	2.0035
72	0.35	1.9675
74	0.35	1.8775
76	0.35	1.73
78	0.35	1.592
80	0.35	1.446
82	0.35	1.3045
84	0.35	1.2005
86	0.35	1.0555
88	0.35	0.978
90	0.35	0.8335
92	0.35	0.683
94	0.35	0.5335
96	0.35	0.4365
98	0.35	0.46
4	0.36	0.52
6	0.36	0.4655
8	0.36	0.5465
10	0.36	0.685
12	0.36	0.7965
14	0.36	0.955
16	0.36	1.12
18	0.36	1.223
20	0.36	1.336
22	0.36	1.4175
24	0.36	1.5225
26	0.36	1.563
28	0.36	1.73
30	0.36	1.85
32	0.36	1.918
34	0.36	2.0095
36	0.36	2.122
38	0.36	2.192
40	0.36	2.24
42	0.36	2.273
44	0.36	2.276
46	0.36	2.2915
48	0.36	2.321
50	0.36	2.3585
52	0.36	2.3495
54	0.36	2.321
56	0.36	2.245
58	0.36	2.305
60	0.36	2.3005
62	0.36	2.198
64	0.36	2.173
66	0.36	2.103
68	0.36	2.012
70	0.36	1.9955
72	0.36	1.8455
74	0.36	1.764
76	0.36	1.6145
78	0.36	1.5745
80	0.36	1.4075
82	0.36	1.2855
84	0.36	1.182
86	0.36	1.0385
88	0.36	0.9505
90	0.36	0.7795
92	0.36	0.63
94	0.36	0.5175
96	0.36	0.4225
98	0.36	0.4785
4	0.37	0.482
6	0.37	0.4295
8	0.37	0.508
10	0.37	0.627
12	0.37	0.782
14	0.37	0.915
16	0.37	1.0345
18	0.37	1.2175
20	0.37	1.2995
22	0.37	1.3815
24	0.37	1.482
26	0.37	1.574
28	0.37	1.726
30	0.37	1.7375
32	0.37	1.8725
34	0.37	2.013
36	0.37	2.101
38	0.37	2.1175
40	0.37	2.1635
42	0.37	2.223
44	0.37	2.2235
46	0.37	2.159
48	0.37	2.231
50	0.37	2.174
52	0.37	2.2075
54	0.37	2.1675
56	0.37	2.1795
58	0.37	2.196
60	0.37	2.2125
62	0.37	2.126
64	0.37	2.147
66	0.37	2.0715
68	0.37	2.0345
70	0.37	1.95
72	0.37	1.8575
74	0.37	1.693
76	0.37	1.641
78	0.37	1.4865
80	0.37	1.3845
82	0.37	1.2515
84	0.37	1.171
86	0.37	0.992
88	0.37	0.8505
90	0.37	0.7365
92	0.37	0.639
94	0.37	0.4885
96	0.37	0.4245
98	0.37	0.4625
4	0.38	0.407
6	0.38	0.422
8	0.38	0.457
10	0.38	0.6135
12	0.38	0.769
14	0.38	0.893
16	0.38	1.075
18	0.38	1.124
20	0.38	1.271
22	0.38	1.395
24	0.38	1.4145
26	0.38	1.584
28	0.38	1.5845
30	0.38	1.787
32	0.38	1.8075
34	0.38	1.952
36	0.38	2.0365
38	0.38	2.045
40	0.38	2.0825
42	0.38	2.072
44	0.38	2.091
46	0.38	2.134
48	0.38	2.173
50	0.38	2.1805
52	0.38	2.2055
54	0.38	2.2125
56	0.38	2.138
58	0.38	2.112
60	0.38	2.095
62	0.38	2.105
64	0.38	2.035
66	0.38	1.9605
68	0.38	1.9445
70	0.38	1.837
72	0.38	1.7585
74	0.38	1.711
76	0.38	1.544
78	0.38	1.493
80	0.38	1.3655
82	0.38	1.242
84	0.38	1.079
86	0.38	0.983
88	0.38	0.841
90	0.38	0.7515
92	0.38	0.58
94	0.38	0.464
96	0.38	0.373
98	0.38	0.429
4	0.39	0.438
6	0.39	0.3975
8	0.39	0.455
10	0.39	0.5825
12	0.39	0.717
14	0.39	0.828
16	0.39	0.9955
18	0.39	1.1055
20	0.39	1.25
22	0.39	1.312
24	0.39	1.379
26	0.39	1.5485
28	0.39	1.583
30	0.39	1.685
32	0.39	1.779
34	0.39	1.866
36	0.39	1.9655
38	0.39	1.946
40	0.39	2.0135
42	0.39	2.0655
44	0.39	2.0415
46	0.39	2.0525
48	0.39	2.1
50	0.39	2.1415
52	0.39	2.1515
54	0.39	2.169
56	0.39	2.1505
58	0.39	2.158
60	0.39	2.066
62	0.39	2.082
64	0.39	1.958
66	0.39	1.876
68	0.39	1.7545
70	0.39	1.747
72	0.39	1.5925
74	0.39	1.5485
76	0.39	1.505
78	0.39	1.405
80	0.39	1.293
82	0.39	1.212
84	0.39	1.123
86	0.39	0.977
88	0.39	0.844
90	0.39	0.7105
92	0.39	0.5655
94	0.39	0.438
96	0.39	0.3895
98	0.39	0.3675
4	0.4	0.449
6	0.4	0.397
8	0.4	0.458
10	0.4	0.5905
12	0.4	0.751
14	0.4	0.8585
16	0.4	0.9315
18	0.4	1.108
20	0.4	1.1705
22	0.4	1.252
24	0.4	1.3445
26	0.4	1.4565
28	0.4	1.576
30	0.4	1.6475
32	0.4	1.668
34	0.4	1.7905
36	0.4	1.8665
38	0.4	1.9635
40	0.4	1.9365
42	0.4	2.0125
44	0.4	2.052
46	0.4	2.119
48	0.4	2.067
50	0.4	2.093
52	0.4	2.062
54	0.4	2.077
56	0.4	2.034
58	0.4	2.0355
60	0.4	2.012
62	0.4	1.9605
64	0.4	1.9105
66	0.4	1.839
68	0.4	1.791
70	0.4	1.7205
72	0.4	1.6165
74	0.4	1.549
76	0.4	1.4785
78	0.4	1.3405
80	0.4	1.2775
82	0.4	1.1595
84	0.4	1.0865
86	0.4	0.913
88	0.4	0.842
90	0.4	0.683
92	0.4	0.58
94	0.4	0.4685
96	0.4	0.399
98	0.4	0.422
4	0.41	0.4225
6	0.41	0.3705
8	0.41	0.459
10	0.41	0.5875
12	0.41	0.693
14	0.41	0.847
16	0.41	0.9565
18	0.41	1.0365
20	0.41	1.1755
22	0.41	1.2525
24	0.41	1.3595
26	0.41	1.4165
28	0.41	1.493
30	0.41	1.563
32	0.41	1.6685
34	0.41	1.7025
36	0.41	1.7485
38	0.41	1.8055
40	0.41	1.9305
42	0.41	1.95
44	0.41	1.9875
46	0.41	2.038
48	0.41	2.026
50	0.41	2.0195
52	0.41	2.026
54	0.41	2.0145
56	0.41	1.9615
58	0.41	1.9555
60	0.41	1.9325
62	0.41	1.856
64	0.41	1.8655
66	0.41	1.8225
68	0.41	1.7575
70	0.41	1.704
72	0.41	1.59
74	0.41	1.516
76	0.41	1.43
78	0.41	1.2825
80	0.41	1.2505
82	0.41	1.113
84	0.41	0.99
86	0.41	0.92
88	0.41	0.7915
90	0.41	0.676
92	0.41	0.5675
94	0.41	0.441
96	0.41	0.373
98	0.41	0.388
4	0.42	0.3965
6	0.42	0.358
8	0.42	0.401
10	0.42	0.536
12	0.42	0.7
14	0.42	0.813
16	0.42	0.9055
18	0.42	0.9965
20	0.42	1.089
22	0.42	1.22
24	0.42	1.308
26	0.42	1.382
28	0.42	1.462
30	0.42	1.5515
32	0.42	1.6595
34	0.42	1.678
36	0.42	1.7715
38	0.42	1.776
40	0.42	1.8635
42	0.42	1.935
44	0.42	1.8975
46	0.42	1.9245
48	0.42	2.006
50	0.42	1.9375
52	0.42	1.9665
54	0.42	2.025
56	0.42	1.963
58	0.42	1.901
60	0.42	1.813
62	0.42	1.7805
64	0.42	1.7545
66	0.42	1.742
68	0.42	1.6535
70	0.42	1.598
72	0.42	1.576
74	0.42	1.4805
76	0.42	1.351
78	0.42	1.3095
80	0.42	1.196
82	0.42	1.072
84	0.42	0.974
86	0.42	0.829
88	0.42	0.7705
90	0.42	0.632
92	0.42	0.539
94	0.42	0.453
96	0.42	0.3705
98	0.42	0.4285
4	0.43	0.3755
6	0.43	0.367
8	0.43	0.429
10	0.43	0.56
12	0.43	0.6505
14	0.43	0.7955
16	0.43	0.866
18	0.43	0.983
20	0.43	1.052
22	0.43	1.144
24	0.43	1.2495
26	0.43	1.303
28	0.43	1.3775
30	0.43	1.461
32	0.43	1.596
34	0.43	1.5785
36	0.43	1.7435
38	0.43	1.7525
40	0.43	1.832
42	0.43	1.8705
44	0.43	1.8635
46	0.43	1.8615
48	0.43	1.9025
50	0.43	1.8925
52	0.43	1.879
54	0.43	1.875
56	0.43	1.9125
58	0.43	1.9405
60	0.43	1.869
62	0.43	1.821
64	0.43	1.6655
66	0.43	1.6445
68	0.43	1.6135
70	0.43	1.5635
72	0.43	1.492
74	0.43	1.3865
76	0.43	1.325
78	0.43	1.237
80	0.43	1.1105
82	0.43	1.0885
84	0.43	0.975
86	0.43	0.847
88	0.43	0.7315
90	0.43	0.607
92	0.43	0.518
94	0.43	0.4275
96	0.43	0.387
98	0.43	0.4085
4	0.44	0.369
6	0.44	0.3925
8	0.44	0.4115
10	0.44	0.5555
12	0.44	0.6305
14	0.44	0.7655
16	0.44	0.842
18	0.44	0.918
20	0.44	1.045
22	0.44	1.0745
24	0.44	1.1985
26	0.44	1.2285
28	0.44	1.3535
30	0.44	1.45
32	0.44	1.559
34	0.44	1.606
36	0.44	1.651
38	0.44	1.692
40	0.44	1.7485
42	0.44	1.7895
44	0.44	1.8415
46	0.44	1.778
48	0.44	1.8025
50	0.44	1.842
52	0.44	1.855
54	0.44	1.7945
56	0.44	1.806
58	0.44	1.7615
60	0.44	1.8085
62	0.44	1.762
64	0.44	1.6825
66	0.44	1.6185
68	0.44	1.565
70	0.44	1.494
72	0.44	1.446
74	0.44	1.401
76	0.44	1.307
78	0.44	1.19
80	0.44	1.1455
82	0.44	1.0445
84	0.44	0.917
86	0.44	0.8685
88	0.44	0.727
90	0.44	0.602
92	0.44	0.5145
94	0.44	0.386
96	0.44	0.3615
98	0.44	0.36
4	0.45	0.355
6	0.45	0.3395
8	0.45	0.389
10	0.45	0.526
12	0.45	0.605
14	0.45	0.6945
16	0.45	0.769
18	0.45	0.8985
20	0.45	0.986
22	0.45	1.084
24	0.45	1.177
26	0.45	1.2585
28	0.45	1.3415
30	0.45	1.442
32	0.45	1.504
34	0.45	1.568
36	0.45	1.6275
38	0.45	1.6215
40	0.45	1.679
42	0.45	1.773
44	0.45	1.662
46	0.45	1.7145
48	0.45	1.7435
50	0.45	1.7605
52	0.45	1.844
54	0.45	1.7765
56	0.45	1.694
58	0.45	1.7695
60	0.45	1.696
62	0.45	1.6495
64	0.45	1.6355
66	0.45	1.578
68	0.45	1.5795
70	0.45	1.541
72	0.45	1.423
74	0.45	1.3635
76	0.45	1.317
78	0.45	1.2075
80	0.45	1.09
82	0.45	0.989
84	0.45	0.9015
86	0.45	0.7805
88	0.45	0.679
90	0.45	0.5735
92	0.45	0.456
94	0.45	0.377
96	0.45	0.351
98	0.45	0.3865
4	0.46	0.287
6	0.46	0.306
8	0.46	0.36
10	0.46	0.466
12	0.46	0.604
14	0.46	0.6835
16	0.46	0.7935
18	0.46	0.9265
20	0.46	0.9935
22	0.46	1.047
24	0.46	1.156
26	0.46	1.25
28	0.46	1.28
30	0.46	1.3525
32	0.46	1.361
34	0.46	1.5315
36	0.46	1.5505
38	0.46	1.613
40	0.46	1.576
42	0.46	1.634
44	0.46	1.6575
46	0.46	1.671
48	0.46	1.737
50	0.46	1.735
52	0.46	1.6655
54	0.46	1.677
56	0.46	1.672
58	0.46	1.6885
60	0.46	1.6975
62	0.46	1.6125
64	0.46	1.577
66	0.46	1.5805
68	0.46	1.585
70	0.46	1.472
72	0.46	1.3975
74	0.46	1.3
76	0.46	1.281
78	0.46	1.1555
80	0.46	1.039
82	0.46	0.951
84	0.46	0.862
86	0.46	0.7775
88	0.46	0.6815
90	0.46	0.588
92	0.46	0.475
94	0.46	0.372
96	0.46	0.284
98	0.46	0.3005
4	0.47	0.317
6	0.47	0.3165
8	0.47	0.357
10	0.47	0.4515
12	0.47	0.558
14	0.47	0.677
16	0.47	0.7945
18	0.47	0.8675
20	0.47	1.035
22	0.47	1.042
24	0.47	1.13
26	0.47	1.208
28	0.47	1.208
30	0.47	1.35
32	0.47	1.384
34	0.47	1.4655
36	0.47	1.469
38	0.47	1.5355
40	0.47	1.5475
42	0.47	1.582
44	0.47	1.594
46	0.47	1.6295
48	0.47	1.6835
50	0.47	1.6765
52	0.47	1.719
54	0.47	1.644
56	0.47	1.6305
58	0.47	1.635
60	0.47	1.5745
62	0.47	1.5845
64	0.47	1.5125
66	0.47	1.52
68	0.47	1.439
70	0.47	1.4275
72	0.47	1.354
74	0.47	1.285
76	0.47	1.1605
78	0.47	1.099
80	0.47	1.0135
82	0.47	0.913
84	0.47	0.849
86	0.47	0.744
88	0.47	0.6615
90	0.47	0.546
92	0.47	0.4605
94	0.47	0.3925
96	0.47	0.3285
98	0.47	0.313
4	0.48	0.313
6	0.48	0.3185
8	0.48	0.3995
10	0.48	0.4905
12	0.48	0.5825
14	0.48	0.6735
16	0.48	0.754
18	0.48	0.832
20	0.48	0.9295
22	0.48	0.99
24	0.48	1.0535
26	0.48	1.143
28	0.48	1.226
30	0.48	1.247
32	0.48	1.309
34	0.48	1.4025
36	0.48	1.422
38	0.48	1.5
40	0.48	1.4915
42	0.48	1.5345
44	0.48	1.5905
46	0.48	1.5525
48	0.48	1.622
50	0.48	1.625
52	0.48	1.598
54	0.48	1.589
56	0.48	1.584
58	0.48	1.656
60	0.48	1.6265
62	0.48	1.593
64	0.48	1.566
66	0.48	1.4255
68	0.48	1.375
70	0.48	1.311
72	0.48	1.267
74	0.48	1.141
76	0.48	1.123
78	0.48	1.093
80	0.48	1.0185
82	0.48	0.9205
84	0.48	0.8405
86	0.48	0.72
88	0.48	0.637
90	0.48	0.5915
92	0.48	0.4615
94	0.48	0.393
96	0.48	0.329
98	0.48	0.348
4	0.49	0.3295
6	0.49	0.3315
8	0.49	0.3865
10	0.49	0.4655
12	0.49	0.559
14	0.49	0.6295
16	0.49	0.676
18	0.49	0.785
20	0.49	0.8675
22	0.49	0.957
24	0.49	1.0275
26	0.49	1.092
28	0.49	1.153
30	0.49	1.274
32	0.49	1.304
34	0.49	1.41
36	0.49	1.42
38	0.49	1.432
40	0.49	1.4765
42	0.49	1.5015
44	0.49	1.5265
46	0.49	1.506
48	0.49	1.5945
50	0.49	1.5835
52	0.49	1.604
54	0.49	1.584
56	0.49	1.573
58	0.49	1.614
60	0.49	1.593
62	0.49	1.487
64	0.49	1.407
66	0.49	1.4195
68	0.49	1.358
70	0.49	1.309
72	0.49	1.2025
74	0.49	1.1175
76	0.49	1.0445
78	0.49	1.047
80	0.49	0.9575
82	0.49	0.8945
84	0.49	0.851
86	0.49	0.753
88	0.49	0.616
90	0.49	0.57
92	0.49	0.431
94	0.49	0.3705
96	0.49	0.2865
98	0.49	0.346
4	0.5	0.292
6	0.5	0.3055
8	0.5	0.3325
10	0.5	0.4315
12	0.5	0.524
14	0.5	0.6335
16	0.5	0.7065
18	0.5	0.782
20	0.5	0.8425
22	0.5	0.9175
24	0.5	1.0095
26	0.5	1.039
28	0.5	1.1475
30	0.5	1.244
32	0.5	1.266
34	0.5	1.293
36	0.5	1.3515
38	0.5	1.341
40	0.5	1.418
42	0.5	1.5
44	0.5	1.5075
46	0.5	1.543
48	0.5	1.503
50	0.5	1.5355
52	0.5	1.5085
54	0.5	1.52
56	0.5	1.504
58	0.5	1.566
60	0.5	1.5105
62	0.5	1.429
64	0.5	1.428
66	0.5	1.371
68	0.5	1.3335
70	0.5	1.2835
72	0.5	1.1555
74	0.5	1.1095
76	0.5	1.0575
78	0.5	0.9995
80	0.5	0.9435
82	0.5	0.868
84	0.5	0.7625
86	0.5	0.7
88	0.5	0.62
90	0.5	0.5175
92	0.5	0.434
94	0.5	0.32
96	0.5	0.2855
98	0.5	0.2935
4	0.51	0.29
6	0.51	0.2865
8	0.51	0.337
10	0.51	0.428
12	0.51	0.512
14	0.51	0.606
16	0.51	0.6655
18	0.51	0.7525
20	0.51	0.8455
22	0.51	0.9555
24	0.51	1.0085
26	0.51	1.0845
28	0.51	1.154
30	0.51	1.1795
32	0.51	1.2215
34	0.51	1.292
36	0.51	1.3505
38	0.51	1.35
40	0.51	1.3445
42	0.51	1.413
44	0.51	1.512
46	0.51	1.419
48	0.51	1.4915
50	0.51	1.4845
52	0.51	1.494
54	0.51	1.49
56	0.51	1.4735
58	0.51	1.502
60	0.51	1.4385
62	0.51	1.381
64	0.51	1.4135
66	0.51	1.3465
68	0.51	1.2965
70	0.51	1.218
72	0.51	1.154
74	0.51	1.0765
76	0.51	1.0145
78	0.51	0.936
80	0.51	0.8855
82	0.51	0.8175
84	0.51	0.7585
86	0.51	0.697
88	0.51	0.588
90	0.51	0.5185
92	0.51	0.4185
94	0.51	0.3415
96	0.51	0.292
98	0.51	0.317
4	0.52	0.2335
6	0.52	0.2895
8	0.52	0.3205
10	0.52	0.4315
12	0.52	0.511
14	0.52	0.5435
16	0.52	0.6875
18	0.52	0.7435
20	0.52	0.858
22	0.52	0.8795
24	0.52	0.9865
26	0.52	1.0345
28	0.52	1.101
30	0.52	1.1525
32	0.52	1.16
34	0.52	1.1965
36	0.52	1.263
38	0.52	1.3195
40	0.52	1.3845
42	0.52	1.332
44	0.52	1.383
46	0.52	1.399
48	0.52	1.417
50	0.52	1.5005
52	0.52	1.414
54	0.52	1.463
56	0.52	1.4035
58	0.52	1.456
60	0.52	1.403
62	0.52	1.3555
64	0.52	1.329
66	0.52	1.288
68	0.52	1.182
70	0.52	1.255
72	0.52	1.0565
74	0.52	1.091
76	0.52	0.9825
78	0.52	0.9175
80	0.52	0.886
82	0.52	0.8215
84	0.52	0.7155
86	0.52	0.6645
88	0.52	0.5955
90	0.52	0.474
92	0.52	0.427
94	0.52	0.3195
96	0.52	0.277
98	0.52	0.2785
4	0.53	0.286
6	0.53	0.248
8	0.53	0.297
10	0.53	0.4005
12	0.53	0.505
14	0.53	0.568
16	0.53	0.635
18	0.53	0.7215
20	0.53	0.7685
22	0.53	0.845
24	0.53	0.9675
26	0.53	0.995
28	0.53	1.072
30	0.53	1.0865
32	0.53	1.1705
34	0.53	1.2255
36	0.53	1.2325
38	0.53	1.2805
40	0.53	1.2765
42	0.53	1.3835
44	0.53	1.387
46	0.53	1.399
48	0.53	1.374
50	0.53	1.357
52	0.53	1.3775
54	0.53	1.3895
56	0.53	1.37
58	0.53	1.41
60	0.53	1.297
62	0.53	1.294
64	0.53	1.254
66	0.53	1.232
68	0.53	1.2245
70	0.53	1.153
72	0.53	1.0625
74	0.53	0.987
76	0.53	0.9955
78	0.53	0.9335
80	0.53	0.855
82	0.53	0.76
84	0.53	0.6715
86	0.53	0.6305
88	0.53	0.5525
90	0.53	0.476
92	0.53	0.411
94	0.53	0.314
96	0.53	0.281
98	0.53	0.2905
4	0.54	0.2655
6	0.54	0.2645
8	0.54	0.307
10	0.54	0.357
12	0.54	0.436
14	0.54	0.5425
16	0.54	0.622
18	0.54	0.7185
20	0.54	0.776
22	0.54	0.8715
24	0.54	0.9085
26	0.54	0.9545
28	0.54	1.005
30	0.54	1.0825
32	0.54	1.157
34	0.54	1.1635
36	0.54	1.2375
38	0.54	1.276
40	0.54	1.2905
42	0.54	1.311
44	0.54	1.335
46	0.54	1.35
48	0.54	1.37
50	0.54	1.3255
52	0.54	1.3185
54	0.54	1.307
56	0.54	1.2905
58	0.54	1.391
60	0.54	1.3245
62	0.54	1.2525
64	0.54	1.236
66	0.54	1.183
68	0.54	1.1515
70	0.54	1.107
72	0.54	1.015
74	0.54	0.9965
76	0.54	0.931
78	0.54	0.9095
80	0.54	0.819
82	0.54	0.7445
84	0.54	0.67
86	0.54	0.597
88	0.54	0.532
90	0.54	0.449
92	0.54	0.402
94	0.54	0.3175
96	0.54	0.255
98	0.54	0.3035
4	0.55	0.259
6	0.55	0.248
8	0.55	0.2685
10	0.55	0.3795
12	0.55	0.449
14	0.55	0.5405
16	0.55	0.6395
18	0.55	0.744
20	0.55	0.721
22	0.55	0.8495
24	0.55	0.8335
26	0.55	0.9355
28	0.55	1.012
30	0.55	1.011
32	0.55	1.0895
34	0.55	1.102
36	0.55	1.18
38	0.55	1.2085
40	0.55	1.292
42	0.55	1.275
44	0.55	1.283
46	0.55	1.26
48	0.55	1.2885
50	0.55	1.254
52	0.55	1.2445
54	0.55	1.2785
56	0.55	1.2675
58	0.55	1.3365
60	0.55	1.2465
62	0.55	1.248
64	0.55	1.1835
66	0.55	1.1585
68	0.55	1.1205
70	0.55	1.0715
72	0.55	0.997
74	0.55	0.932
76	0.55	0.8715
78	0.55	0.856
80	0.55	0.799
82	0.55	0.7575
84	0.55	0.653
86	0.55	0.6215
88	0.55	0.519
90	0.55	0.423
92	0.55	0.3775
94	0.55	0.325
96	0.55	0.2775
98	0.55	0.312
4	0.56	0.232
6	0.56	0.2455
8	0.56	0.2935
10	0.56	0.3785
12	0.56	0.4495
14	0.56	0.5205
16	0.56	0.5825
18	0.56	0.644
20	0.56	0.73
22	0.56	0.762
24	0.56	0.8375
26	0.56	0.874
28	0.56	0.9755
30	0.56	1.0215
32	0.56	1.0675
34	0.56	1.06
36	0.56	1.169
38	0.56	1.174
40	0.56	1.247
42	0.56	1.219
44	0.56	1.245
46	0.56	1.2265
48	0.56	1.233
50	0.56	1.239
52	0.56	1.2575
54	0.56	1.2545
56	0.56	1.2075
58	0.56	1.2185
60	0.56	1.1905
62	0.56	1.1365
64	0.56	1.1655
66	0.56	1.113
68	0.56	1.096
70	0.56	1.0155
72	0.56	0.9755
74	0.56	0.948
76	0.56	0.88
78	0.56	0.89
80	0.56	0.7515
82	0.56	0.6875
84	0.56	0.6555
86	0.56	0.5785
88	0.56	0.537
90	0.56	0.417
92	0.56	0.3505
94	0.56	0.272
96	0.56	0.234
98	0.56	0.271
4	0.57	0.2535
6	0.57	0.232
8	0.57	0.286
10	0.57	0.3495
12	0.57	0.428
14	0.57	0.4625
16	0.57	0.578
18	0.57	0.6325
20	0.57	0.708
22	0.57	0.781
24	0.57	0.8605
26	0.57	0.906
28	0.57	0.947
30	0.57	0.9835
32	0.57	1.019
34	0.57	1.024
36	0.57	1.103
38	0.57	1.124
40	0.57	1.152
42	0.57	1.242
44	0.57	1.195
46	0.57	1.215
48	0.57	1.2075
50	0.57	1.182
52	0.57	1.1815
54	0.57	1.169
56	0.57	1.2065
58	0.57	1.191
60	0.57	1.184
62	0.57	1.1625
64	0.57	1.111
66	0.57	1.11
68	0.57	1.062
70	0.57	1.024
72	0.57	0.952
74	0.57	0.9385
76	0.57	0.8555
78	0.57	0.783
80	0.57	0.7165
82	0.57	0.6865
84	0.57	0.619
86	0.57	0.5495
88	0.57	0.48
90	0.57	0.4155
92	0.57	0.345
94	0.57	0.285
96	0.57	0.225
98	0.57	0.2375
4	0.58	0.218
6	0.58	0.2205
8	0.58	0.271
10	0.58	0.31
12	0.58	0.3775
14	0.58	0.4385
16	0.58	0.5595
18	0.58	0.5975
20	0.58	0.6745
22	0.58	0.781
24	0.58	0.8575
26	0.58	0.908
28	0.58	0.9185
30	0.58	0.9695
32	0.58	0.977
34	0.58	1.014
36	0.58	1.037
38	0.58	1.112
40	0.58	1.1245
42	0.58	1.144
44	0.58	1.188
46	0.58	1.153
48	0.58	1.195
50	0.58	1.162
52	0.58	1.179
54	0.58	1.1445
56	0.58	1.169
58	0.58	1.136
60	0.58	1.154
62	0.58	1.0975
64	0.58	1.077
66	0.58	1.041
68	0.58	0.982
70	0.58	0.9495
72	0.58	0.916
74	0.58	0.8995
76	0.58	0.8145
78	0.58	0.791
80	0.58	0.746
82	0.58	0.6495
84	0.58	0.6075
86	0.58	0.5315
88	0.58	0.479
90	0.58	0.403
92	0.58	0.3205
94	0.58	0.2605
96	0.58	0.226
98	0.58	0.239
4	0.59	0.254
6	0.59	0.25
8	0.59	0.265
10	0.59	0.337
12	0.59	0.3825
14	0.59	0.4595
16	0.59	0.4715
18	0.59	0.605
20	0.59	0.7085
22	0.59	0.715
24	0.59	0.7985
26	0.59	0.8815
28	0.59	0.911
30	0.59	0.9655
32	0.59	0.983
34	0.59	0.961
36	0.59	1.0095
38	0.59	1.0215
40	0.59	1.054
42	0.59	1.0675
44	0.59	1.1165
46	0.59	1.1265
48	0.59	1.183
50	0.59	1.142
52	0.59	1.159
54	0.59	1.1225
56	0.59	1.1265
58	0.59	1.078
60	0.59	1.0695
62	0.59	1.0935
64	0.59	1.063
66	0.59	1.0465
68	0.59	0.9705
70	0.59	0.933
72	0.59	0.913
74	0.59	0.8105
76	0.59	0.7645
78	0.59	0.705
80	0.59	0.6945
82	0.59	0.6435
84	0.59	0.5695
86	0.59	0.5635
88	0.59	0.481
90	0.59	0.3955
92	0.59	0.3085
94	0.59	0.2435
96	0.59	0.184
98	0.59	0.202
4	0.6	0.2695
6	0.6	0.2325
8	0.6	0.2695
10	0.6	0.32
12	0.6	0.3575
14	0.6	0.429
16	0.6	0.5245
18	0.6	0.568
20	0.6	0.629
22	0.6	0.729
24	0.6	0.7775
26	0.6	0.8095
28	0.6	0.874
30	0.6	0.884
32	0.6	0.9175
34	0.6	0.965
36	0.6	0.999
38	0.6	1.029
40	0.6	1.03
42	0.6	1.0645
44	0.6	1.0305
46	0.6	1.0515
48	0.6	1.0675
50	0.6	1.1085
52	0.6	1.1405
54	0.6	1.1375
56	0.6	1.047
58	0.6	1.038
60	0.6	1.042
62	0.6	1.033
64	0.6	1.0395
66	0.6	1.037
68	0.6	0.9975
70	0.6	0.9305
72	0.6	0.8795
74	0.6	0.851
76	0.6	0.7645
78	0.6	0.759
80	0.6	0.67
82	0.6	0.617
84	0.6	0.529
86	0.6	0.494
88	0.6	0.4475
90	0.6	0.395
92	0.6	0.332
94	0.6	0.254
96	0.6	0.217
98	0.6	0.1995
4	0.61	0.211
6	0.61	0.1905
8	0.61	0.243
10	0.61	0.3115
12	0.61	0.3575
14	0.61	0.4425
16	0.61	0.4775
18	0.61	0.557
20	0.61	0.6355
22	0.61	0.71
24	0.61	0.7275
26	0.61	0.767
28	0.61	0.7985
30	0.61	0.8355
32	0.61	0.8935
34	0.61	0.936
36	0.61	0.976
38	0.61	0.974
40	0.61	0.9895
42	0.61	1.0445
44	0.61	1.0695
46	0.61	1.114
48	0.61	1.095
50	0.61	1.067
52	0.61	1.0715
54	0.61	1.025
56	0.61	1.031
58	0.61	1.045
60	0.61	1.014
62	0.61	0.994
64	0.61	0.96
66	0.61	0.961
68	0.61	0.9365
70	0.61	0.9005
72	0.61	0.8555
74	0.61	0.841
76	0.61	0.804
78	0.61	0.7635
80	0.61	0.684
82	0.61	0.588
84	0.61	0.5725
86	0.61	0.4655
88	0.61	0.418
90	0.61	0.344
92	0.61	0.307
94	0.61	0.23
96	0.61	0.1985
98	0.61	0.2055
4	0.62	0.2085
6	0.62	0.204
8	0.62	0.251
10	0.62	0.309
12	0.62	0.386
14	0.62	0.415
16	0.62	0.462
18	0.62	0.5075
20	0.62	0.5695
22	0.62	0.6025
24	0.62	0.7195
26	0.62	0.7535
28	0.62	0.8215
30	0.62	0.8225
32	0.62	0.8605
34	0.62	0.8985
36	0.62	0.8905
38	0.62	0.9885
40	0.62	0.9855
42	0.62	1.017
44	0.62	1.015
46	0.62	1.043
48	0.62	1.0045
50	0.62	1.0445
52	0.62	1.0175
54	0.62	0.985
56	0.62	0.951
58	0.62	0.969
60	0.62	0.9405
62	0.62	1.005
64	0.62	0.9875
66	0.62	0.9915
68	0.62	0.903
70	0.62	0.8695
72	0.62	0.826
74	0.62	0.812
76	0.62	0.7825
78	0.62	0.73
80	0.62	0.647
82	0.62	0.586
84	0.62	0.5425
86	0.62	0.4915
88	0.62	0.406
90	0.62	0.3465
92	0.62	0.2945
94	0.62	0.224
96	0.62	0.1945
98	0.62	0.2025
4	0.63	0.245
6	0.63	0.2145
8	0.63	0.228
10	0.63	0.284
12	0.63	0.3325
14	0.63	0.407
16	0.63	0.448
18	0.63	0.482
20	0.63	0.586
22	0.63	0.599
24	0.63	0.6535
26	0.63	0.7225
28	0.63	0.77
30	0.63	0.809
32	0.63	0.835
34	0.63	0.884
36	0.63	0.9085
38	0.63	0.9565
40	0.63	0.9505
42	0.63	0.981
44	0.63	0.9745
46	0.63	1.016
48	0.63	1.011
50	0.63	1.012
52	0.63	0.9745
54	0.63	1.01
56	0.63	0.9515
58	0.63	0.919
60	0.63	0.966
62	0.63	0.92
64	0.63	0.9155
66	0.63	0.9285
68	0.63	0.867
70	0.63	0.848
72	0.63	0.8475
74	0.63	0.791
76	0.63	0.7425
78	0.63	0.6625
80	0.63	0.651
82	0.63	0.5675
84	0.63	0.525
86	0.63	0.4745
88	0.63	0.408
90	0.63	0.3545
92	0.63	0.3035
94	0.63	0.2395
96	0.63	0.2005
98	0.63	0.197
4	0.64	0.2175
6	0.64	0.182
8	0.64	0.213
10	0.64	0.2615
12	0.64	0.3165
14	0.64	0.389
16	0.64	0.422
18	0.64	0.4965
20	0.64	0.5915
22	0.64	0.608
24	0.64	0.6775
26	0.64	0.723
28	0.64	0.7345
30	0.64	0.775
32	0.64	0.819
34	0.64	0.7805
36	0.64	0.8715
38	0.64	0.8885
40	0.64	0.9205
42	0.64	0.9865
44	0.64	0.9855
46	0.64	0.9455
48	0.64	0.95
50	0.64	0.96
52	0.64	0.906
54	0.64	0.956
56	0.64	0.9345
58	0.64	0.952
60	0.64	0.9045
62	0.64	0.917
64	0.64	0.9175
66	0.64	0.902
68	0.64	0.849
70	0.64	0.8185
72	0.64	0.785
74	0.64	0.7185
76	0.64	0.6875
78	0.64	0.6375
80	0.64	0.613
82	0.64	0.539
84	0.64	0.485
86	0.64	0.4575
88	0.64	0.3655
90	0.64	0.3435
92	0.64	0.285
94	0.64	0.2305
96	0.64	0.204
98	0.64	0.207
4	0.65	0.187
6	0.65	0.1615
8	0.65	0.1885
10	0.65	0.2555
12	0.65	0.2965
14	0.65	0.375
16	0.65	0.43
18	0.65	0.4885
20	0.65	0.522
22	0.65	0.576
24	0.65	0.638
26	0.65	0.677
28	0.65	0.755
30	0.65	0.781
32	0.65	0.7895
34	0.65	0.871
36	0.65	0.804
38	0.65	0.8815
40	0.65	0.8805
42	0.65	0.8655
44	0.65	0.938
46	0.65	0.91
48	0.65	0.967
50	0.65	0.9075
52	0.65	0.946
54	0.65	0.9135
56	0.65	0.9485
58	0.65	0.9445
60	0.65	0.943
62	0.65	0.9255
64	0.65	0.8555
66	0.65	0.8915
68	0.65	0.8395
70	0.65	0.808
72	0.65	0.7365
74	0.65	0.669
76	0.65	0.676
78	0.65	0.6225
80	0.65	0.609
82	0.65	0.5355
84	0.65	0.4945
86	0.65	0.4375
88	0.65	0.3835
90	0.65	0.3245
92	0.65	0.2545
94	0.65	0.1955
96	0.65	0.1705
98	0.65	0.1945
4	0.66	0.1705
6	0.66	0.1665
8	0.66	0.209
10	0.66	0.267
12	0.66	0.3225
14	0.66	0.3775
16	0.66	0.4005
18	0.66	0.4585
20	0.66	0.5045
22	0.66	0.528
24	0.66	0.585
26	0.66	0.67
28	0.66	0.6605
30	0.66	0.7505
32	0.66	0.773
34	0.66	0.827
36	0.66	0.825
38	0.66	0.878
40	0.66	0.8605
42	0.66	0.884
44	0.66	0.927
46	0.66	0.912
48	0.66	0.9335
50	0.66	0.8725
52	0.66	0.9095
54	0.66	0.8915
56	0.66	0.889
58	0.66	0.901
60	0.66	0.8945
62	0.66	0.9055
64	0.66	0.815
66	0.66	0.824
68	0.66	0.8125
70	0.66	0.7735
72	0.66	0.783
74	0.66	0.705
76	0.66	0.6875
78	0.66	0.6355
80	0.66	0.576
82	0.66	0.514
84	0.66	0.4985
86	0.66	0.4505
88	0.66	0.371
90	0.66	0.3255
92	0.66	0.262
94	0.66	0.205
96	0.66	0.1625
98	0.66	0.194
4	0.67	0.161
6	0.67	0.1905
8	0.67	0.204
10	0.67	0.2575
12	0.67	0.3105
14	0.67	0.3635
16	0.67	0.4315
18	0.67	0.4575
20	0.67	0.4825
22	0.67	0.52
24	0.67	0.5555
26	0.67	0.5845
28	0.67	0.6655
30	0.67	0.722
32	0.67	0.734
34	0.67	0.781
36	0.67	0.7955
38	0.67	0.828
40	0.67	0.8275
42	0.67	0.83
44	0.67	0.8645
46	0.67	0.8705
48	0.67	0.8755
50	0.67	0.9205
52	0.67	0.8995
54	0.67	0.877
56	0.67	0.897
58	0.67	0.8725
60	0.67	0.836
62	0.67	0.865
64	0.67	0.8345
66	0.67	0.793
68	0.67	0.7565
70	0.67	0.766
72	0.67	0.7165
74	0.67	0.6615
76	0.67	0.634
78	0.67	0.611
80	0.67	0.5805
82	0.67	0.5145
84	0.67	0.4995
86	0.67	0.4445
88	0.67	0.3685
90	0.67	0.29
92	0.67	0.231
94	0.67	0.1935
96	0.67	0.1565
98	0.67	0.1635
4	0.68	0.2125
6	0.68	0.1795
8	0.68	0.204
10	0.68	0.256
12	0.68	0.3085
14	0.68	0.3405
16	0.68	0.381
18	0.68	0.403
20	0.68	0.464
22	0.68	0.501
24	0.68	0.5565
26	0.68	0.63
28	0.68	0.6405
30	0.68	0.679
32	0.68	0.72
34	0.68	0.719
36	0.68	0.7775
38	0.68	0.7895
40	0.68	0.826
42	0.68	0.819
44	0.68	0.853
46	0.68	0.8445
48	0.68	0.856
50	0.68	0.8815
52	0.68	0.858
54	0.68	0.856
56	0.68	0.843
58	0.68	0.877
60	0.68	0.8605
62	0.68	0.8385
64	0.68	0.8255
66	0.68	0.77
68	0.68	0.788
70	0.68	0.704
72	0.68	0.696
74	0.68	0.6645
76	0.68	0.6355
78	0.68	0.5965
80	0.68	0.5605
82	0.68	0.512
84	0.68	0.46
86	0.68	0.405
88	0.68	0.3775
90	0.68	0.2995
92	0.68	0.2315
94	0.68	0.1855
96	0.68	0.146
98	0.68	0.1565
4	0.69	0.1655
6	0.69	0.164
8	0.69	0.2035
10	0.69	0.2395
12	0.69	0.2755
14	0.69	0.34
16	0.69	0.3565
18	0.69	0.3985
20	0.69	0.4445
22	0.69	0.492
24	0.69	0.552
26	0.69	0.602
28	0.69	0.617
30	0.69	0.663
32	0.69	0.6895
34	0.69	0.742
36	0.69	0.762
38	0.69	0.7865
40	0.69	0.783
42	0.69	0.796
44	0.69	0.8225
46	0.69	0.831
48	0.69	0.821
50	0.69	0.793
52	0.69	0.7775
54	0.69	0.7965
56	0.69	0.79
58	0.69	0.829
60	0.69	0.7975
62	0.69	0.825
64	0.69	0.756
66	0.69	0.7575
68	0.69	0.714
70	0.69	0.7375
72	0.69	0.6615
74	0.69	0.664
76	0.69	0.594
78	0.69	0.595
80	0.69	0.5555
82	0.69	0.5215
84	0.69	0.457
86	0.69	0.393
88	0.69	0.345
90	0.69	0.2875
92	0.69	0.227
94	0.69	0.198
96	0.69	0.1545
98	0.69	0.181
4	0.7	0.1715
6	0.7	0.1695
8	0.7	0.1835
10	0.7	0.2265
12	0.7	0.2545
14	0.7	0.317
16	0.7	0.3655
18	0.7	0.406
20	0.7	0.4505
22	0.7	0.491
24	0.7	0.544
26	0.7	0.5495
28	0.7	0.664
30	0.7	0.661
32	0.7	0.695
34	0.7	0.725
36	0.7	0.78
38	0.7	0.752
40	0.7	0.7605
42	0.7	0.786
44	0.7	0.783
46	0.7	0.797
48	0.7	0.782
50	0.7	0.7795
52	0.7	0.773
54	0.7	0.795
56	0.7	0.746
58	0.7	0.796
60	0.7	0.759
62	0.7	0.774
64	0.7	0.736
66	0.7	0.7
68	0.7	0.7005
70	0.7	0.6845
72	0.7	0.7
74	0.7	0.6425
76	0.7	0.61
78	0.7	0.5615
80	0.7	0.537
82	0.7	0.4895
84	0.7	0.4405
86	0.7	0.383
88	0.7	0.3355
90	0.7	0.2775
92	0.7	0.239
94	0.7	0.2025
96	0.7	0.1585
98	0.7	0.147
4	0.71	0.1645
6	0.71	0.1415
8	0.71	0.17
10	0.71	0.23
12	0.71	0.246
14	0.71	0.301
16	0.71	0.3515
18	0.71	0.397
20	0.71	0.4875
22	0.71	0.476
24	0.71	0.534
26	0.71	0.553
28	0.71	0.6315
30	0.71	0.671
32	0.71	0.645
34	0.71	0.672
36	0.71	0.735
38	0.71	0.708
40	0.71	0.7325
42	0.71	0.7785
44	0.71	0.775
46	0.71	0.757
48	0.71	0.7755
50	0.71	0.759
52	0.71	0.7735
54	0.71	0.76
56	0.71	0.758
58	0.71	0.7395
60	0.71	0.7295
62	0.71	0.7075
64	0.71	0.705
66	0.71	0.7215
68	0.71	0.67
70	0.71	0.6565
72	0.71	0.599
74	0.71	0.6405
76	0.71	0.637
78	0.71	0.55
80	0.71	0.5245
82	0.71	0.433
84	0.71	0.3955
86	0.71	0.36
88	0.71	0.3445
90	0.71	0.2795
92	0.71	0.2375
94	0.71	0.1955
96	0.71	0.1595
98	0.71	0.158
4	0.72	0.179
6	0.72	0.1615
8	0.72	0.1725
10	0.72	0.2045
12	0.72	0.247
14	0.72	0.303
16	0.72	0.3495
18	0.72	0.407
20	0.72	0.424
22	0.72	0.465
24	0.72	0.497
26	0.72	0.515
28	0.72	0.5495
30	0.72	0.6125
32	0.72	0.685
34	0.72	0.674
36	0.72	0.724
38	0.72	0.694
40	0.72	0.719
42	0.72	0.7235
44	0.72	0.7105
46	0.72	0.758
48	0.72	0.7625
50	0.72	0.775
52	0.72	0.754
54	0.72	0.753
56	0.72	0.7575
58	0.72	0.665
60	0.72	0.733
62	0.72	0.7065
64	0.72	0.739
66	0.72	0.7065
68	0.72	0.6865
70	0.72	0.6065
72	0.72	0.6185
74	0.72	0.5615
76	0.72	0.5345
78	0.72	0.4955
80	0.72	0.4675
82	0.72	0.448
84	0.72	0.4375
86	0.72	0.4115
88	0.72	0.3555
90	0.72	0.2855
92	0.72	0.243
94	0.72	0.187
96	0.72	0.1465
98	0.72	0.1435
4	0.73	0.152
6	0.73	0.1415
8	0.73	0.175
10	0.73	0.1985
12	0.73	0.2545
14	0.73	0.3165
16	0.73	0.343
18	0.73	0.361
20	0.73	0.418
22	0.73	0.432
24	0.73	0.4885
26	0.73	0.5085
28	0.73	0.5385
30	0.73	0.5885
32	0.73	0.612
34	0.73	0.6425
36	0.73	0.667
38	0.73	0.6925
40	0.73	0.649
42	0.73	0.687
44	0.73	0.7195
46	0.73	0.751
48	0.73	0.783
50	0.73	0.76
52	0.73	0.713
54	0.73	0.746
56	0.73	0.7095
58	0.73	0.6685
60	0.73	0.6925
62	0.73	0.699
64	0.73	0.6635
66	0.73	0.671
68	0.73	0.644
70	0.73	0.652
72	0.73	0.614
74	0.73	0.6
76	0.73	0.5215
78	0.73	0.4725
80	0.73	0.461
82	0.73	0.4115
84	0.73	0.3915
86	0.73	0.3725
88	0.73	0.3435
90	0.73	0.284
92	0.73	0.2245
94	0.73	0.1935
96	0.73	0.1645
98	0.73	0.184
4	0.74	0.152
6	0.74	0.135
8	0.74	0.148
10	0.74	0.196
12	0.74	0.242
14	0.74	0.2955
16	0.74	0.3395
18	0.74	0.3555
20	0.74	0.391
22	0.74	0.4355
24	0.74	0.4875
26	0.74	0.5075
28	0.74	0.561
30	0.74	0.6155
32	0.74	0.5875
34	0.74	0.6015
36	0.74	0.6265
38	0.74	0.676
40	0.74	0.6455
42	0.74	0.6965
44	0.74	0.7495
46	0.74	0.7115
48	0.74	0.7025
50	0.74	0.7245
52	0.74	0.7105
54	0.74	0.709
56	0.74	0.719
58	0.74	0.6985
60	0.74	0.7015
62	0.74	0.6895
64	0.74	0.6585
66	0.74	0.6355
68	0.74	0.644
70	0.74	0.6355
72	0.74	0.582
74	0.74	0.545
76	0.74	0.5055
78	0.74	0.4745
80	0.74	0.439
82	0.74	0.4275
84	0.74	0.391
86	0.74	0.3665
88	0.74	0.311
90	0.74	0.2525
92	0.74	0.193
94	0.74	0.156
96	0.74	0.1455
98	0.74	0.1405
4	0.75	0.1215
6	0.75	0.114
8	0.75	0.145
10	0.75	0.1735
12	0.75	0.2225
14	0.75	0.281
16	0.75	0.309
18	0.75	0.361
20	0.75	0.398
22	0.75	0.401
24	0.75	0.4565
26	0.75	0.4905
28	0.75	0.542
30	0.75	0.548
32	0.75	0.609
34	0.75	0.603
36	0.75	0.5995
38	0.75	0.639
40	0.75	0.654
42	0.75	0.6665
44	0.75	0.6985
46	0.75	0.688
48	0.75	0.6915
50	0.75	0.6935
52	0.75	0.72
54	0.75	0.6955
56	0.75	0.6905
58	0.75	0.6715
60	0.75	0.633
62	0.75	0.607
64	0.75	0.6295
66	0.75	0.6045
68	0.75	0.587
70	0.75	0.5955
72	0.75	0.5725
74	0.75	0.559
76	0.75	0.4915
78	0.75	0.4555
80	0.75	0.4445
82	0.75	0.377
84	0.75	0.376
86	0.75	0.3375
88	0.75	0.282
90	0.75	0.2605
92	0.75	0.218
94	0.75	0.18
96	0.75	0.154
98	0.75	0.1345
4	0.76	0.156
6	0.76	0.134
8	0.76	0.149
10	0.76	0.1675
12	0.76	0.1965
14	0.76	0.272
16	0.76	0.2915
18	0.76	0.35
20	0.76	0.3885
22	0.76	0.4215
24	0.76	0.4485
26	0.76	0.4755
28	0.76	0.521
30	0.76	0.5465
32	0.76	0.5885
34	0.76	0.578
36	0.76	0.625
38	0.76	0.6175
40	0.76	0.6535
42	0.76	0.661
44	0.76	0.67
46	0.76	0.6745
48	0.76	0.6735
50	0.76	0.664
52	0.76	0.6675
54	0.76	0.6915
56	0.76	0.636
58	0.76	0.6415
60	0.76	0.6375
62	0.76	0.6145
64	0.76	0.5855
66	0.76	0.595
68	0.76	0.566
70	0.76	0.565
72	0.76	0.5365
74	0.76	0.5085
76	0.76	0.5015
78	0.76	0.4875
80	0.76	0.42
82	0.76	0.378
84	0.76	0.3495
86	0.76	0.33
88	0.76	0.2975
90	0.76	0.245
92	0.76	0.211
94	0.76	0.175
96	0.76	0.1375
98	0.76	0.145
4	0.77	0.1405
6	0.77	0.1365
8	0.77	0.1535
10	0.77	0.1705
12	0.77	0.1945
14	0.77	0.2455
16	0.77	0.269
18	0.77	0.3325
20	0.77	0.3455
22	0.77	0.4025
24	0.77	0.4625
26	0.77	0.443
28	0.77	0.481
30	0.77	0.5335
32	0.77	0.555
34	0.77	0.582
36	0.77	0.5735
38	0.77	0.5845
40	0.77	0.6295
42	0.77	0.6275
44	0.77	0.648
46	0.77	0.628
48	0.77	0.6575
50	0.77	0.6675
52	0.77	0.647
54	0.77	0.6405
56	0.77	0.613
58	0.77	0.609
60	0.77	0.6315
62	0.77	0.6075
64	0.77	0.597
66	0.77	0.594
68	0.77	0.5415
70	0.77	0.5505
72	0.77	0.53
74	0.77	0.482
76	0.77	0.465
78	0.77	0.44
80	0.77	0.419
82	0.77	0.385
84	0.77	0.3455
86	0.77	0.3225
88	0.77	0.2735
90	0.77	0.2485
92	0.77	0.2205
94	0.77	0.168
96	0.77	0.143
98	0.77	0.15
4	0.78	0.1235
6	0.78	0.113
8	0.78	0.134
10	0.78	0.1635
12	0.78	0.217
14	0.78	0.2375
16	0.78	0.2855
18	0.78	0.3075
20	0.78	0.3255
22	0.78	0.3645
24	0.78	0.426
26	0.78	0.4445
28	0.78	0.49
30	0.78	0.4925
32	0.78	0.5095
34	0.78	0.509
36	0.78	0.5545
38	0.78	0.5835
40	0.78	0.5925
42	0.78	0.6225
44	0.78	0.648
46	0.78	0.6485
48	0.78	0.6285
50	0.78	0.6345
52	0.78	0.599
54	0.78	0.6055
56	0.78	0.601
58	0.78	0.6305
60	0.78	0.6075
62	0.78	0.6045
64	0.78	0.596
66	0.78	0.5985
68	0.78	0.5495
70	0.78	0.5355
72	0.78	0.513
74	0.78	0.502
76	0.78	0.468
78	0.78	0.4295
80	0.78	0.4065
82	0.78	0.37
84	0.78	0.3285
86	0.78	0.2955
88	0.78	0.254
90	0.78	0.211
92	0.78	0.165
94	0.78	0.1425
96	0.78	0.148
98	0.78	0.1525
4	0.79	0.1205
6	0.79	0.108
8	0.79	0.136
10	0.79	0.165
12	0.79	0.201
14	0.79	0.22
16	0.79	0.286
18	0.79	0.3015
20	0.79	0.36
22	0.79	0.368
24	0.79	0.3985
26	0.79	0.439
28	0.79	0.4475
30	0.79	0.482
32	0.79	0.48
34	0.79	0.525
36	0.79	0.54
38	0.79	0.5525
40	0.79	0.577
42	0.79	0.57
44	0.79	0.5835
46	0.79	0.5955
48	0.79	0.6105
50	0.79	0.594
52	0.79	0.633
54	0.79	0.5975
56	0.79	0.5885
58	0.79	0.6005
60	0.79	0.6175
62	0.79	0.59
64	0.79	0.5395
66	0.79	0.57
68	0.79	0.5205
70	0.79	0.5245
72	0.79	0.5045
74	0.79	0.4515
76	0.79	0.461
78	0.79	0.432
80	0.79	0.409
82	0.79	0.3695
84	0.79	0.336
86	0.79	0.27
88	0.79	0.2255
90	0.79	0.199
92	0.79	0.1575
94	0.79	0.143
96	0.79	0.115
98	0.79	0.1385
4	0.8	0.133
6	0.8	0.119
8	0.8	0.123
10	0.8	0.1535
12	0.8	0.1995
14	0.8	0.232
16	0.8	0.2665
18	0.8	0.319
20	0.8	0.338
22	0.8	0.339
24	0.8	0.409
26	0.8	0.422
28	0.8	0.451
30	0.8	0.4705
32	0.8	0.491
34	0.8	0.5145
36	0.8	0.5305
38	0.8	0.5505
40	0.8	0.586
42	0.8	0.5695
44	0.8	0.5545
46	0.8	0.5775
48	0.8	0.5975
50	0.8	0.598
52	0.8	0.5635
54	0.8	0.559
56	0.8	0.5825
58	0.8	0.589
60	0.8	0.5765
62	0.8	0.5625
64	0.8	0.5445
66	0.8	0.52
68	0.8	0.4945
70	0.8	0.5045
72	0.8	0.456
74	0.8	0.4645
76	0.8	0.4465
78	0.8	0.439
80	0.8	0.3945
82	0.8	0.3515
84	0.8	0.332
86	0.8	0.2885
88	0.8	0.259
90	0.8	0.205
92	0.8	0.1585
94	0.8	0.125
96	0.8	0.1015
98	0.8	0.1005
4	0.81	0.1045
6	0.81	0.104
8	0.81	0.12
10	0.81	0.138
12	0.81	0.2075
14	0.81	0.2225
16	0.81	0.25
18	0.81	0.2795
20	0.81	0.3255
22	0.81	0.3405
24	0.81	0.385
26	0.81	0.4025
28	0.81	0.465
30	0.81	0.471
32	0.81	0.4985
34	0.81	0.484
36	0.81	0.531
38	0.81	0.528
40	0.81	0.541
42	0.81	0.5285
44	0.81	0.5705
46	0.81	0.5835
48	0.81	0.566
50	0.81	0.545
52	0.81	0.552
54	0.81	0.5345
56	0.81	0.5395
58	0.81	0.5505
60	0.81	0.5785
62	0.81	0.5495
64	0.81	0.5165
66	0.81	0.5265
68	0.81	0.5155
70	0.81	0.507
72	0.81	0.4685
74	0.81	0.438
76	0.81	0.429
78	0.81	0.384
80	0.81	0.3985
82	0.81	0.33
84	0.81	0.3125
86	0.81	0.2705
88	0.81	0.257
90	0.81	0.209
92	0.81	0.1745
94	0.81	0.1255
96	0.81	0.1115
98	0.81	0.1085
4	0.82	0.1015
6	0.82	0.0985
8	0.82	0.1135
10	0.82	0.149
12	0.82	0.1705
14	0.82	0.1985
16	0.82	0.2615
18	0.82	0.314
20	0.82	0.304
22	0.82	0.339
24	0.82	0.376
26	0.82	0.3815
28	0.82	0.424
30	0.82	0.4555
32	0.82	0.491
34	0.82	0.509
36	0.82	0.499
38	0.82	0.494
40	0.82	0.5065
42	0.82	0.481
44	0.82	0.503
46	0.82	0.5115
48	0.82	0.5365
50	0.82	0.565
52	0.82	0.57
54	0.82	0.51
56	0.82	0.543
58	0.82	0.541
60	0.82	0.5525
62	0.82	0.5265
64	0.82	0.5095
66	0.82	0.556
68	0.82	0.4915
70	0.82	0.516
72	0.82	0.431
74	0.82	0.4175
76	0.82	0.391
78	0.82	0.367
80	0.82	0.358
82	0.82	0.334
84	0.82	0.313
86	0.82	0.292
88	0.82	0.249
90	0.82	0.191
92	0.82	0.172
94	0.82	0.1355
96	0.82	0.1045
98	0.82	0.1115
4	0.83	0.099
6	0.83	0.102
8	0.83	0.114
10	0.83	0.166
12	0.83	0.1935
14	0.83	0.2365
16	0.83	0.255
18	0.83	0.281
20	0.83	0.2995
22	0.83	0.338
24	0.83	0.369
26	0.83	0.4245
28	0.83	0.4475
30	0.83	0.463
32	0.83	0.431
34	0.83	0.4775
36	0.83	0.4585
38	0.83	0.469
40	0.83	0.473
42	0.83	0.4715
44	0.83	0.523
46	0.83	0.5035
48	0.83	0.534
50	0.83	0.5705
52	0.83	0.5405
54	0.83	0.5135
56	0.83	0.513
58	0.83	0.568
60	0.83	0.51
62	0.83	0.506
64	0.83	0.4975
66	0.83	0.495
68	0.83	0.4955
70	0.83	0.5125
72	0.83	0.4655
74	0.83	0.423
76	0.83	0.415
78	0.83	0.387
80	0.83	0.356
82	0.83	0.303
84	0.83	0.283
86	0.83	0.277
88	0.83	0.227
90	0.83	0.1795
92	0.83	0.158
94	0.83	0.1335
96	0.83	0.0985
98	0.83	0.11
4	0.84	0.1045
6	0.84	0.0995
8	0.84	0.1305
10	0.84	0.1585
12	0.84	0.179
14	0.84	0.21
16	0.84	0.2265
18	0.84	0.2665
20	0.84	0.306
22	0.84	0.319
24	0.84	0.3675
26	0.84	0.398
28	0.84	0.4175
30	0.84	0.456
32	0.84	0.436
34	0.84	0.4355
36	0.84	0.4415
38	0.84	0.436
40	0.84	0.4955
42	0.84	0.4525
44	0.84	0.5
46	0.84	0.522
48	0.84	0.511
50	0.84	0.501
52	0.84	0.5055
54	0.84	0.5425
56	0.84	0.542
58	0.84	0.5205
60	0.84	0.506
62	0.84	0.494
64	0.84	0.444
66	0.84	0.4625
68	0.84	0.465
70	0.84	0.485
72	0.84	0.4195
74	0.84	0.409
76	0.84	0.398
78	0.84	0.374
80	0.84	0.316
82	0.84	0.287
84	0.84	0.265
86	0.84	0.2375
88	0.84	0.205
90	0.84	0.184
92	0.84	0.15
94	0.84	0.13
96	0.84	0.1085
98	0.84	0.1225
4	0.85	0.114
6	0.85	0.106
8	0.85	0.126
10	0.85	0.145
12	0.85	0.178
14	0.85	0.2215
16	0.85	0.2485
18	0.85	0.2795
20	0.85	0.2915
22	0.85	0.2955
24	0.85	0.3375
26	0.85	0.3485
28	0.85	0.377
30	0.85	0.405
32	0.85	0.418
34	0.85	0.442
36	0.85	0.436
38	0.85	0.4595
40	0.85	0.45
42	0.85	0.515
44	0.85	0.5
46	0.85	0.5265
48	0.85	0.4765
50	0.85	0.514
52	0.85	0.491
54	0.85	0.512
56	0.85	0.5145
58	0.85	0.5275
60	0.85	0.497
62	0.85	0.5155
64	0.85	0.494
66	0.85	0.462
68	0.85	0.4405
70	0.85	0.4275
72	0.85	0.4
74	0.85	0.368
76	0.85	0.391
78	0.85	0.331
80	0.85	0.3095
82	0.85	0.2575
84	0.85	0.2385
86	0.85	0.202
88	0.85	0.202
90	0.85	0.186
92	0.85	0.1485
94	0.85	0.1195
96	0.85	0.092
98	0.85	0.1035
4	0.86	0.093
6	0.86	0.0895
8	0.86	0.1105
10	0.86	0.149
12	0.86	0.164
14	0.86	0.1965
16	0.86	0.23
18	0.86	0.2425
20	0.86	0.285
22	0.86	0.295
24	0.86	0.322
26	0.86	0.3435
28	0.86	0.325
30	0.86	0.418
32	0.86	0.3685
34	0.86	0.443
36	0.86	0.4315
38	0.86	0.446
40	0.86	0.441
42	0.86	0.4385
44	0.86	0.4785
46	0.86	0.4855
48	0.86	0.5285
50	0.86	0.5235
52	0.86	0.476
54	0.86	0.5215
56	0.86	0.4715
58	0.86	0.491
60	0.86	0.481
62	0.86	0.46
64	0.86	0.4795
66	0.86	0.4215
68	0.86	0.423
70	0.86	0.4185
72	0.86	0.414
74	0.86	0.3755
76	0.86	0.3795
78	0.86	0.3345
80	0.86	0.304
82	0.86	0.289
84	0.86	0.247
86	0.86	0.2135
88	0.86	0.176
90	0.86	0.159
92	0.86	0.1465
94	0.86	0.1065
96	0.86	0.098
98	0.86	0.0925
4	0.87	0.103
6	0.87	0.1045
8	0.87	0.111
10	0.87	0.146
12	0.87	0.1565
14	0.87	0.2045
16	0.87	0.2205
18	0.87	0.2435
20	0.87	0.2775
22	0.87	0.2735
24	0.87	0.28
26	0.87	0.3035
28	0.87	0.329
30	0.87	0.385
32	0.87	0.4185
34	0.87	0.394
36	0.87	0.397
38	0.87	0.4755
40	0.87	0.453
42	0.87	0.4495
44	0.87	0.4585
46	0.87	0.491
48	0.87	0.476
50	0.87	0.482
52	0.87	0.494
54	0.87	0.5
56	0.87	0.4725
58	0.87	0.4685
60	0.87	0.4365
62	0.87	0.432
64	0.87	0.421
66	0.87	0.4315
68	0.87	0.4245
70	0.87	0.45
72	0.87	0.4185
74	0.87	0.423
76	0.87	0.354
78	0.87	0.3165
80	0.87	0.2855
82	0.87	0.2605
84	0.87	0.2485
86	0.87	0.2235
88	0.87	0.186
90	0.87	0.1785
92	0.87	0.139
94	0.87	0.1055
96	0.87	0.0745
98	0.87	0.082
4	0.88	0.091
6	0.88	0.0965
8	0.88	0.103
10	0.88	0.134
12	0.88	0.158
14	0.88	0.18
16	0.88	0.2035
18	0.88	0.2405
20	0.88	0.2405
22	0.88	0.288
24	0.88	0.275
26	0.88	0.312
28	0.88	0.3095
30	0.88	0.3635
32	0.88	0.39
34	0.88	0.412
36	0.88	0.426
38	0.88	0.455
40	0.88	0.457
42	0.88	0.4455
44	0.88	0.4695
46	0.88	0.4605
48	0.88	0.4425
50	0.88	0.4655
52	0.88	0.469
54	0.88	0.443
56	0.88	0.454
58	0.88	0.428
60	0.88	0.424
62	0.88	0.4455
64	0.88	0.4455
66	0.88	0.443
68	0.88	0.422
70	0.88	0.414
72	0.88	0.378
74	0.88	0.3665
76	0.88	0.34
78	0.88	0.3135
80	0.88	0.3045
82	0.88	0.264
84	0.88	0.251
86	0.88	0.219
88	0.88	0.1735
90	0.88	0.1605
92	0.88	0.1345
94	0.88	0.102
96	0.88	0.0795
98	0.88	0.0795
4	0.89	0.0955
6	0.89	0.092
8	0.89	0.1145
10	0.89	0.121
12	0.89	0.158
14	0.89	0.1795
16	0.89	0.223
18	0.89	0.2345
20	0.89	0.259
22	0.89	0.26
24	0.89	0.2725
26	0.89	0.2745
28	0.89	0.3365
30	0.89	0.3395
32	0.89	0.3695
34	0.89	0.367
36	0.89	0.3875
38	0.89	0.4355
40	0.89	0.4315
42	0.89	0.4275
44	0.89	0.4545
46	0.89	0.4465
48	0.89	0.4545
50	0.89	0.4535
52	0.89	0.4325
54	0.89	0.4095
56	0.89	0.404
58	0.89	0.422
60	0.89	0.4305
62	0.89	0.426
64	0.89	0.402
66	0.89	0.433
68	0.89	0.44
70	0.89	0.3885
72	0.89	0.3965
74	0.89	0.368
76	0.89	0.35
78	0.89	0.325
80	0.89	0.2815
82	0.89	0.2655
84	0.89	0.225
86	0.89	0.219
88	0.89	0.2015
90	0.89	0.145
92	0.89	0.138
94	0.89	0.1175
96	0.89	0.074
98	0.89	0.0895
4	0.9	0.073
6	0.9	0.0805
8	0.9	0.101
10	0.9	0.1325
12	0.9	0.164
14	0.9	0.189
16	0.9	0.1925
18	0.9	0.233
20	0.9	0.2405
22	0.9	0.264
24	0.9	0.295
26	0.9	0.3025
28	0.9	0.349
30	0.9	0.358
32	0.9	0.37
34	0.9	0.364
36	0.9	0.39
38	0.9	0.3785
40	0.9	0.389
42	0.9	0.3875
44	0.9	0.412
46	0.9	0.458
48	0.9	0.446
50	0.9	0.455
52	0.9	0.4615
54	0.9	0.4445
56	0.9	0.4315
58	0.9	0.4135
60	0.9	0.4285
62	0.9	0.412
64	0.9	0.4055
66	0.9	0.423
68	0.9	0.3595
70	0.9	0.4255
72	0.9	0.356
74	0.9	0.3575
76	0.9	0.343
78	0.9	0.3135
80	0.9	0.285
82	0.9	0.2565
84	0.9	0.231
86	0.9	0.194
88	0.9	0.1755
90	0.9	0.1485
92	0.9	0.1315
94	0.9	0.101
96	0.9	0.068
98	0.9	0.095
4	0.91	0.081
6	0.91	0.0835
8	0.91	0.099
10	0.91	0.12
12	0.91	0.1405
14	0.91	0.173
16	0.91	0.1955
18	0.91	0.2145
20	0.91	0.224
22	0.91	0.2735
24	0.91	0.301
26	0.91	0.3145
28	0.91	0.3145
30	0.91	0.3475
32	0.91	0.3515
34	0.91	0.3645
36	0.91	0.373
38	0.91	0.355
40	0.91	0.3625
42	0.91	0.37
44	0.91	0.399
46	0.91	0.3985
48	0.91	0.3975
50	0.91	0.387
52	0.91	0.4265
54	0.91	0.4145
56	0.91	0.445
58	0.91	0.4425
60	0.91	0.4235
62	0.91	0.428
64	0.91	0.374
66	0.91	0.383
68	0.91	0.389
70	0.91	0.3725
72	0.91	0.352
74	0.91	0.338
76	0.91	0.3275
78	0.91	0.292
80	0.91	0.286
82	0.91	0.2585
84	0.91	0.225
86	0.91	0.1985
88	0.91	0.184
90	0.91	0.1555
92	0.91	0.1065
94	0.91	0.0995
96	0.91	0.0735
98	0.91	0.0815
4	0.92	0.091
6	0.92	0.083
8	0.92	0.0955
10	0.92	0.1075
12	0.92	0.1405
14	0.92	0.152
16	0.92	0.1815
18	0.92	0.203
20	0.92	0.2435
22	0.92	0.241
24	0.92	0.2815
26	0.92	0.289
28	0.92	0.313
30	0.92	0.33
32	0.92	0.3565
34	0.92	0.342
36	0.92	0.3615
38	0.92	0.338
40	0.92	0.341
42	0.92	0.39
44	0.92	0.391
46	0.92	0.3885
48	0.92	0.404
50	0.92	0.402
52	0.92	0.409
54	0.92	0.433
56	0.92	0.3915
58	0.92	0.3965
60	0.92	0.427
62	0.92	0.377
64	0.92	0.3905
66	0.92	0.376
68	0.92	0.358
70	0.92	0.361
72	0.92	0.34
74	0.92	0.3095
76	0.92	0.309
78	0.92	0.273
80	0.92	0.2555
82	0.92	0.231
84	0.92	0.21
86	0.92	0.216
88	0.92	0.174
90	0.92	0.1595
92	0.92	0.1145
94	0.92	0.094
96	0.92	0.0885
98	0.92	0.072
4	0.93	0.076
6	0.93	0.078
8	0.93	0.1
10	0.93	0.12
12	0.93	0.1475
14	0.93	0.1545
16	0.93	0.1745
18	0.93	0.2075
20	0.93	0.222
22	0.93	0.252
24	0.93	0.2645
26	0.93	0.3005
28	0.93	0.2955
30	0.93	0.3245
32	0.93	0.321
34	0.93	0.3455
36	0.93	0.3455
38	0.93	0.351
40	0.93	0.3515
42	0.93	0.3635
44	0.93	0.3525
46	0.93	0.3795
48	0.93	0.365
50	0.93	0.3755
52	0.93	0.39
54	0.93	0.3985
56	0.93	0.405
58	0.93	0.387
60	0.93	0.4135
62	0.93	0.3845
64	0.93	0.4085
66	0.93	0.3395
68	0.93	0.344
70	0.93	0.344
72	0.93	0.334
74	0.93	0.2955
76	0.93	0.2655
78	0.93	0.275
80	0.93	0.2445
82	0.93	0.244
84	0.93	0.2175
86	0.93	0.179
88	0.93	0.1735
90	0.93	0.138
92	0.93	0.132
94	0.93	0.083
96	0.93	0.0785
98	0.93	0.0945
4	0.94	0.0725
6	0.94	0.08
8	0.94	0.0975
10	0.94	0.1155
12	0.94	0.1285
14	0.94	0.149
16	0.94	0.1505
18	0.94	0.1755
20	0.94	0.2085
22	0.94	0.239
24	0.94	0.2485
26	0.94	0.28
28	0.94	0.298
30	0.94	0.297
32	0.94	0.334
34	0.94	0.3325
36	0.94	0.3505
38	0.94	0.333
40	0.94	0.342
42	0.94	0.361
44	0.94	0.3675
46	0.94	0.353
48	0.94	0.354
50	0.94	0.348
52	0.94	0.3715
54	0.94	0.3955
56	0.94	0.3965
58	0.94	0.3735
60	0.94	0.3835
62	0.94	0.3445
64	0.94	0.373
66	0.94	0.365
68	0.94	0.3535
70	0.94	0.341
72	0.94	0.313
74	0.94	0.3065
76	0.94	0.283
78	0.94	0.2715
80	0.94	0.2425
82	0.94	0.218
84	0.94	0.1945
86	0.94	0.176
88	0.94	0.1485
90	0.94	0.1265
92	0.94	0.0995
94	0.94	0.0855
96	0.94	0.065
98	0.94	0.077
4	0.95	0.0985
6	0.95	0.0685
8	0.95	0.083
10	0.95	0.1115
12	0.95	0.1275
14	0.95	0.139
16	0.95	0.168
18	0.95	0.174
20	0.95	0.2025
22	0.95	0.227
24	0.95	0.2665
26	0.95	0.2705
28	0.95	0.3015
30	0.95	0.292
32	0.95	0.3265
34	0.95	0.328
36	0.95	0.3145
38	0.95	0.3735
40	0.95	0.3285
42	0.95	0.3495
44	0.95	0.329
46	0.95	0.35
48	0.95	0.3305
50	0.95	0.361
52	0.95	0.369
54	0.95	0.362
56	0.95	0.3885
58	0.95	0.371
60	0.95	0.3805
62	0.95	0.355
64	0.95	0.3365
66	0.95	0.3555
68	0.95	0.342
70	0.95	0.329
72	0.95	0.3005
74	0.95	0.2965
76	0.95	0.285
78	0.95	0.2405
80	0.95	0.245
82	0.95	0.203
84	0.95	0.1995
86	0.95	0.178
88	0.95	0.146
90	0.95	0.133
92	0.95	0.105
94	0.95	0.079
96	0.95	0.0715
98	0.95	0.0695
4	0.96	0.077
6	0.96	0.0595
8	0.96	0.082
10	0.96	0.0995
12	0.96	0.133
14	0.96	0.1385
16	0.96	0.172
18	0.96	0.1865
20	0.96	0.212
22	0.96	0.208
24	0.96	0.232
26	0.96	0.2195
28	0.96	0.2585
30	0.96	0.3
32	0.96	0.303
34	0.96	0.305
36	0.96	0.3165
38	0.96	0.335
40	0.96	0.3325
42	0.96	0.3585
44	0.96	0.352
46	0.96	0.387
48	0.96	0.3585
50	0.96	0.384
52	0.96	0.3445
54	0.96	0.3485
56	0.96	0.3275
58	0.96	0.3515
60	0.96	0.3545
62	0.96	0.3605
64	0.96	0.32
66	0.96	0.326
68	0.96	0.2965
70	0.96	0.301
72	0.96	0.298
74	0.96	0.2765
76	0.96	0.2565
78	0.96	0.258
80	0.96	0.2
82	0.96	0.2065
84	0.96	0.2065
86	0.96	0.167
88	0.96	0.1465
90	0.96	0.118
92	0.96	0.107
94	0.96	0.075
96	0.96	0.062
98	0.96	0.06
4	0.97	0.07
6	0.97	0.061
8	0.97	0.065
10	0.97	0.0935
12	0.97	0.116
14	0.97	0.139
16	0.97	0.1455
18	0.97	0.1615
20	0.97	0.171
22	0.97	0.216
24	0.97	0.2295
26	0.97	0.255
28	0.97	0.2695
30	0.97	0.2725
32	0.97	0.294
34	0.97	0.2795
36	0.97	0.303
38	0.97	0.317
40	0.97	0.334
42	0.97	0.3455
44	0.97	0.3705
46	0.97	0.3795
48	0.97	0.3635
50	0.97	0.3455
52	0.97	0.3275
54	0.97	0.355
56	0.97	0.3345
58	0.97	0.3375
60	0.97	0.348
62	0.97	0.339
64	0.97	0.324
66	0.97	0.2865
68	0.97	0.2705
70	0.97	0.299
72	0.97	0.282
74	0.97	0.2915
76	0.97	0.239
78	0.97	0.2315
80	0.97	0.211
82	0.97	0.225
84	0.97	0.1845
86	0.97	0.18
88	0.97	0.1485
90	0.97	0.117
92	0.97	0.1005
94	0.97	0.0725
96	0.97	0.068
98	0.97	0.07
4	0.98	0.0745
6	0.98	0.052
8	0.98	0.0785
10	0.98	0.1015
12	0.98	0.1115
14	0.98	0.13
16	0.98	0.1505
18	0.98	0.173
20	0.98	0.159
22	0.98	0.214
24	0.98	0.202
26	0.98	0.261
28	0.98	0.267
30	0.98	0.274
32	0.98	0.2675
34	0.98	0.2925
36	0.98	0.3305
38	0.98	0.3285
40	0.98	0.3275
42	0.98	0.315
44	0.98	0.3235
46	0.98	0.3455
48	0.98	0.355
50	0.98	0.3245
52	0.98	0.325
54	0.98	0.3195
56	0.98	0.332
58	0.98	0.3525
60	0.98	0.32
62	0.98	0.328
64	0.98	0.3135
66	0.98	0.3125
68	0.98	0.29
70	0.98	0.2885
72	0.98	0.27
74	0.98	0.2375
76	0.98	0.245
78	0.98	0.2275
80	0.98	0.21
82	0.98	0.188
84	0.98	0.161
86	0.98	0.136
88	0.98	0.1315
90	0.98	0.1175
92	0.98	0.1105
94	0.98	0.074
96	0.98	0.0595
98	0.98	0.0685
4	0.99	0.0725
6	0.99	0.067
8	0.99	0.075
10	0.99	0.1045
12	0.99	0.123
14	0.99	0.134
16	0.99	0.1605
18	0.99	0.154
20	0.99	0.1725
22	0.99	0.1895
24	0.99	0.211
26	0.99	0.238
28	0.99	0.261
30	0.99	0.294
32	0.99	0.2635
34	0.99	0.289
36	0.99	0.296
38	0.99	0.3145
40	0.99	0.3125
42	0.99	0.3275
44	0.99	0.318
46	0.99	0.3205
48	0.99	0.3435
50	0.99	0.339
52	0.99	0.318
54	0.99	0.3115
56	0.99	0.3005
58	0.99	0.296
60	0.99	0.3125
62	0.99	0.312
64	0.99	0.2805
66	0.99	0.301
68	0.99	0.2915
70	0.99	0.2825
72	0.99	0.2635
74	0.99	0.265
76	0.99	0.2235
78	0.99	0.222
80	0.99	0.1885
82	0.99	0.1945
84	0.99	0.1635
86	0.99	0.1305
88	0.99	0.1155
90	0.99	0.0935
92	0.99	0.0925
94	0.99	0.063
96	0.99	0.07
98	0.99	0.069
4	1	0.0695
6	1	0.0635
8	1	0.0755
10	1	0.094
12	1	0.1125
14	1	0.1145
16	1	0.1435
18	1	0.1565
20	1	0.166
22	1	0.198
24	1	0.199
26	1	0.2065
28	1	0.219
30	1	0.252
32	1	0.258
34	1	0.2745
36	1	0.275
38	1	0.284
40	1	0.3185
42	1	0.2925
44	1	0.3535
46	1	0.317
48	1	0.316
50	1	0.3255
52	1	0.315
54	1	0.3165
56	1	0.315
58	1	0.2965
60	1	0.3055
62	1	0.315
64	1	0.304
66	1	0.307
68	1	0.2975
70	1	0.261
72	1	0.2685
74	1	0.24
76	1	0.1995
78	1	0.2125
80	1	0.1795
82	1	0.1925
84	1	0.166
86	1	0.1435
88	1	0.112
90	1	0.0965
92	1	0.0755
94	1	0.059
96	1	0.056
98	1	0.075
